Nqubit : 12

Rate : 0.8

1 ,          0,1.71983e-07,-3.43965e-07,-3.43965e-07,-3.43965e-07,-3.43965e-07,-3.43965e-07,         0,         0,1.71983e-07,3.43965e-07,         0,         0,
2 ,          0,1.71983e-07,1.71983e-07,         0,         0,-3.43965e-07,-3.43965e-07,         0,         0,-3.43965e-07,         0,         0,-3.43965e-07,
3 ,          0,1.71983e-07,         0,         0,3.43965e-07,8.59913e-07,  0.415795,1.71983e-07,-3.43965e-07,         0,1.71983e-07,         0,         0,
4 ,          0,   0.01772,         0,-3.43965e-07,-3.43965e-07,         0,-3.43965e-07,         0,-3.43965e-07,1.71983e-07,1.71983e-07,-3.43965e-07,         0,
5 ,          0,         0,         0,         0,1.71983e-07,  0.192516,-3.43965e-07,1.71983e-07,1.71983e-07,         0,3.43965e-07,3.43965e-07,         0,
6 ,          0,  0.701449,         0,3.43965e-07,         0,1.71983e-07,-3.43965e-07,1.71983e-07,         0,6.8793e-07,-3.43965e-07,3.43965e-07,1.71983e-07,
7 ,          0,         0,1.71983e-07,         0,-3.43965e-07,  0.604026,         0,1.71983e-07,         0,1.71983e-07,  0.442394,         0,         0,
8 ,          0,1.71983e-07,6.8793e-07,         0,3.43965e-07,1.71983e-07,3.43965e-07,1.71983e-07,1.71983e-07,         0,-3.43965e-07,-3.43965e-07,         0,
9 ,          0,         0,1.71983e-07,1.71983e-07,         0,         0,1.71983e-07,3.43965e-07,3.43965e-07,-3.43965e-07,-3.43965e-07,6.8793e-07,         0,
10 ,          0,1.71983e-07,1.71983e-07,         0,3.43965e-07,         0,1.71983e-07,         0,-3.43965e-07,1.71983e-07,1.71983e-07,         0,         0,
11 ,          0,1.71983e-07,  0.003097,6.8793e-07,         0,         0,-3.43965e-07,-3.43965e-07,         0,1.71983e-07,         0,-3.43965e-07,3.43965e-07,
12 ,          0,         0,  0.527185,1.71983e-07,1.71983e-07,-3.43965e-07,         0,         0,         0,         0,         0,         0,         0,
13 ,          0,         0,1.71983e-07,-6.87931e-07,1.71983e-07,-3.43965e-07,1.71983e-07,-3.43965e-07,1.71983e-07,         0,3.43965e-07,1.71983e-07,1.71983e-07,
14 ,          0,         0,-3.43965e-07,1.71983e-07,         0,         0,         0,         0,-3.43965e-07,         0,1.71983e-07,5.15948e-07,3.43965e-07,
15 ,          0,-3.43965e-07,-3.43965e-07,         0,1.71983e-07,         0,         0,         0,  0.327653,         0,         0,         0,1.71983e-07,
16 ,          0,         0,         0,         0,1.71983e-07,         0,         0,1.71983e-07,         0,-3.43965e-07,-3.43965e-07,         0,         0,
17 ,          0,1.71983e-07, 0.0421423,3.43965e-07,3.43965e-07,3.43965e-07,  0.252071,5.15948e-07,3.43965e-07,-3.43965e-07,         0,         0,         0,
18 ,          0,-3.43965e-07,3.43965e-07,3.43965e-07,1.71983e-07,-6.87931e-07,         0,         0,-3.43965e-07,         0,3.43965e-07,3.43965e-07,         0,
19 ,          0,         0,-3.43965e-07,-3.43965e-07,         0,3.43965e-07,         0,1.71983e-07,1.71983e-07,1.71983e-07,1.71983e-07,         0,         0,
20 ,          0,-3.43965e-07,-3.43965e-07,         0,-3.43965e-07,         0,-3.43965e-07,3.43965e-07,1.71983e-07,-3.43965e-07,1.71983e-07,         0,-3.43965e-07,
21 ,          0,         0,3.43965e-07,         0,1.71983e-07,         0,  0.210463,         0,-3.43965e-07,         0,1.71983e-07,1.71983e-07,         0,
22 ,          0,-3.43965e-07,         0,3.43965e-07,3.43965e-07,-3.43965e-07,         0,-3.43965e-07,3.43965e-07,         0,         0,         0,         0,
23 ,          0,         0,1.71983e-07,-3.43965e-07,-3.43965e-07,         0,1.71983e-07,1.71983e-07,  0.276724,5.15948e-07,1.71983e-07,-3.43965e-07,         0,
24 ,          0,6.8793e-07,         0,-3.43965e-07,1.71983e-07,         0,         0,3.43965e-07,3.43965e-07,-3.43965e-07,1.71983e-07,         0,1.71983e-07,
25 ,          0,         0,-3.43965e-07,         0,         0,  0.433373,1.71983e-07,-3.43965e-07,1.71983e-07,         0,5.15948e-07,         0,3.43965e-07,
26 ,          0,1.71983e-07,         0,1.71983e-07,-3.43965e-07,1.71983e-07,1.71983e-07,-3.43965e-07,3.43965e-07,         0,3.43965e-07,-3.43965e-07,         0,
27 ,          0,1.71983e-07,5.15948e-07,5.15948e-07,1.71983e-07,6.8793e-07,         0,         0,3.43965e-07,-3.43965e-07,         0,         0,-3.43965e-07,
28 ,          0,         0,3.43965e-07,1.71983e-07,-3.43965e-07,3.43965e-07,3.43965e-07,-3.43965e-07,-3.43965e-07,-3.43965e-07,         0,         0,         0,
29 ,          0,5.15948e-07,         0,1.71983e-07,   0.28266,         0,         0,         0,         0,         0,1.71983e-07,         0,         0,
30 ,          0,         0,1.71983e-07,         0,         0,         0,         0,         0,-3.43965e-07,         0,1.71983e-07,         0,         0,
31 ,          0,1.71983e-07,5.15948e-07,         0,  0.121107,         0,         0,         0,  0.168557,1.71983e-07,3.43965e-07,         0,         0,
32 ,          0,         0,         0,1.71983e-07,-3.43965e-07,-3.43965e-07,3.43965e-07,3.43965e-07,1.71983e-07,         0,         0,1.71983e-07,1.71983e-07,
33 ,          0,3.43965e-07,1.71983e-07,-3.43965e-07,         0,         0,         0,         0,5.15948e-07,         0,1.71983e-07,-3.43965e-07,         0,
34 ,          0,1.71983e-07,3.43965e-07,         0,-3.43965e-07,         0,5.15948e-07,1.71983e-07,         0,  0.730147,         0,         0,         0,
35 ,          0,         0,3.43965e-07,         0,   0.11298,3.43965e-07,1.71983e-07,         0,         0,  0.296973,1.71983e-07,1.71983e-07,-3.43965e-07,
36 ,          0,         0,         0,-3.43965e-07,-3.43965e-07,         0,         0,1.71983e-07,         0,         0,1.71983e-07,1.71983e-07,         0,
37 ,          0,1.71983e-07,5.15948e-07,5.15948e-07,5.15948e-07,1.71983e-07,         0,         0,1.71983e-07,         0,-3.43965e-07,         0,         0,
38 ,          0,         0,         0,         0,         0,         0,         0,-3.43965e-07,-3.43965e-07,-3.43965e-07,         0,1.71983e-07,         0,
39 ,          0,         0,3.43965e-07,1.71983e-07,  0.779024,-3.43965e-07,         0,1.71983e-07,         0,1.71983e-07,-3.43965e-07,-3.43965e-07,         0,
40 ,          0,         0,         0,         0,3.43965e-07,-3.43965e-07,         0,1.71983e-07,-3.43965e-07,-3.43965e-07,1.71983e-07,-3.43965e-07,1.71983e-07,
41 ,          0,1.71983e-07,         0,         0,3.43965e-07,1.71983e-07,         0,1.71983e-07,         0,1.71983e-07,         0,1.71983e-07,         0,
42 ,          0,         0,5.15948e-07,3.43965e-07,1.71983e-07,3.43965e-07,1.71983e-07,         0,-3.43965e-07,-3.43965e-07,         0,3.43965e-07,         0,
43 ,          0,         0,         0,         0,1.71983e-07,         0,  0.321662,         0,-3.43965e-07,   0.10221,1.71983e-07,         0,         0,
44 ,          0,1.71983e-07,         0,         0,-3.43965e-07,         0,         0,         0,         0,  0.795969,         0,         0,3.43965e-07,
45 ,          0,         0,         0,1.71983e-07,-6.87931e-07,1.71983e-07,         0,         0,1.71983e-07,         0,         0,1.71983e-07,         0,
46 ,          0,1.71983e-07,         0,         0,         0,         0,         0,1.71983e-07,1.71983e-07,1.71983e-07,         0,3.43965e-07,         0,
47 ,          0,         0,1.71983e-07,   0.12053,         0,1.71983e-07,3.43965e-07,         0,-3.43965e-07, 0.0335766, 0.0107609,         0,1.71983e-07,
48 ,          0,         0,3.43965e-07,         0,1.71983e-07,         0,         0,         0,1.71983e-07,1.71983e-07,1.71983e-07,-3.43965e-07,         0,
49 ,          0,         0,1.71983e-07,         0,-3.43965e-07,3.43965e-07,-3.43965e-07,5.15948e-07,-3.43965e-07,-3.43965e-07,         0,         0,         0,
50 ,          0,1.71983e-07,1.71983e-07,-3.43965e-07,5.15948e-07,         0,3.43965e-07,         0,         0,3.43965e-07,         0,         0,3.43965e-07,
51 ,          0,1.71983e-07,         0,         0,3.43965e-07,3.43965e-07,1.71983e-07,-3.43965e-07,-3.43965e-07,         0,-3.43965e-07,1.71983e-07,         0,
52 ,          0,1.71983e-07,         0,1.71983e-07,1.71983e-07,1.71983e-07,-3.43965e-07,         0,3.43965e-07,3.43965e-07,         0,         0,         0,
53 ,          0,1.71983e-07,         0,-3.43965e-07,         0,         0,1.71983e-07,1.71983e-07,1.71983e-07,         0,  0.198539, 0.0133246,1.71983e-07,
54 ,          0,         0,3.43965e-07,1.71983e-07,3.43965e-07,         0,  0.760761,1.71983e-07,         0,1.71983e-07,         0,-3.43965e-07,6.8793e-07,
55 ,          0,         0,         0,         0,-3.43965e-07,         0,1.71983e-07,         0,         0,3.43965e-07,3.43965e-07,-6.87931e-07,         0,
56 ,          0,1.71983e-07,1.71983e-07,         0,3.43965e-07,1.71983e-07,1.71983e-07,         0,-6.87931e-07,         0,3.43965e-07,3.43965e-07,1.71983e-07,
57 ,          0,3.43965e-07,         0,         0,         0,1.71983e-07,1.71983e-07,         0,1.71983e-07,         0,         0,1.71983e-07,5.15948e-07,
58 ,          0,         0,3.43965e-07,1.71983e-07,-3.43965e-07,         0,         0,3.43965e-07,         0,         0,         0,         0,1.71983e-07,
59 ,          0,1.71983e-07,         0,  0.100776,-3.43965e-07,1.71983e-07,         0,3.43965e-07,3.43965e-07,         0,5.15948e-07,         0,-3.43965e-07,
60 ,          0,         0,3.43965e-07,1.71983e-07,         0,1.71983e-07,         0,-3.43965e-07,         0,3.43965e-07,1.71983e-07,         0,-3.43965e-07,
61 ,          0,         0,-3.43965e-07,1.71983e-07,3.43965e-07,1.71983e-07,         0,         0,         0,-3.43965e-07,         0,         0,-3.43965e-07,
62 ,          0,  0.105519,1.71983e-07,1.71983e-07,   0.13892,         0,3.43965e-07,1.71983e-07,-6.87931e-07,         0,-3.43965e-07,-3.43965e-07,3.43965e-07,
63 ,          0,         0,  0.180467,1.71983e-07,3.43965e-07,         0,         0,1.71983e-07,         0,         0,3.43965e-07,         0,         0,
64 ,          0,1.71983e-07,-3.43965e-07,-3.43965e-07,         0,         0,         0,1.71983e-07,         0,1.71983e-07,         0,         0,5.15948e-07,
65 ,          0,1.71983e-07,         0,5.15948e-07,         0,         0,         0,1.71983e-07,         0,1.71983e-07,         0,         0,3.43965e-07,
66 ,          0,         0,1.71983e-07,1.71983e-07,         0,-3.43965e-07,         0,-3.43965e-07,-3.43965e-07,         0,1.71983e-07,1.71983e-07,1.71983e-07,
67 ,          0,         0,         0,1.71983e-07,         0,         0,         0,         0,         0,1.71983e-07,-3.43965e-07,-3.43965e-07,         0,
68 ,          0,1.71983e-07,-3.43965e-07,1.71983e-07,-3.43965e-07,-3.43965e-07,1.71983e-07,1.71983e-07,         0,         0,         0, 0.0423897,         0,
69 ,          0,1.71983e-07,1.71983e-07,         0,3.43965e-07,3.43965e-07,-3.43965e-07,-3.43965e-07,         0,1.71983e-07,3.43965e-07,         0,1.71983e-07,
70 ,          0,-6.87931e-07,         0,-3.43965e-07,         0,-3.43965e-07,-3.43965e-07,5.15948e-07,-3.43965e-07,         0,         0,5.15948e-07,1.71983e-07,
71 ,          0,         0,3.43965e-07,-3.43965e-07,         0,         0,1.71983e-07,         0,         0,1.71983e-07,-3.43965e-07,  0.123999,-3.43965e-07,
72 ,          0,-3.43965e-07,1.71983e-07,1.71983e-07,  0.290749,-6.87931e-07,         0,1.71983e-07,1.71983e-07,3.43965e-07,         0,         0,1.71983e-07,
73 ,          0,1.71983e-07,1.71983e-07,1.71983e-07,         0,         0,         0,         0,1.71983e-07,         0,         0,1.71983e-07,-3.43965e-07,
74 ,          0,         0,         0,3.43965e-07,         0,         0,1.71983e-07,-3.43965e-07,         0,1.71983e-07,-3.43965e-07,1.71983e-07,         0,
75 ,          0,-3.43965e-07,         0,         0,1.71983e-07,3.43965e-07,         0,         0,1.71983e-07,1.71983e-07,         0,-3.43965e-07,-3.43965e-07,
76 ,          0,6.8793e-07,3.43965e-07,         0,         0,         0,1.71983e-07,-3.43965e-07,         0,3.43965e-07,         0,         0,-3.43965e-07,
77 ,          0,-3.43965e-07,         0,3.43965e-07,         0,-3.43965e-07,1.71983e-07,3.43965e-07,         0,         0,-6.87931e-07,         0,3.43965e-07,
78 ,          0,  0.313127,         0,3.43965e-07,-3.43965e-07,-3.43965e-07,3.43965e-07,         0,-3.43965e-07,         0,         0,         0,         0,
79 ,          0,1.71983e-07,-3.43965e-07,1.71983e-07,         0,         0,1.71983e-07,         0,         0,         0,1.71983e-07,         0,         0,
80 ,          0,         0,         0,1.71983e-07,3.43965e-07,1.71983e-07,         0,-3.43965e-07,         0,3.43965e-07,-3.43965e-07,         0,-3.43965e-07,
81 ,          0,1.71983e-07,1.71983e-07,3.43965e-07,1.71983e-07,3.43965e-07,         0,  0.361929,1.71983e-07,-3.43965e-07,5.15948e-07,         0,         0,
82 ,          0,         0,         0,1.71983e-07,         0,1.71983e-07,-3.43965e-07,3.43965e-07,         0,1.71983e-07,         0,-3.43965e-07,3.43965e-07,
83 ,          0,-3.43965e-07,1.71983e-07,         0,         0,1.71983e-07,3.43965e-07,1.71983e-07,         0,         0,-3.43965e-07,         0,         0,
84 ,          0,3.43965e-07,         0,-3.43965e-07,         0,         0,3.43965e-07,  0.565364,         0,         0,         0,1.71983e-07,1.71983e-07,
85 ,          0,3.43965e-07,-3.43965e-07,-3.43965e-07,1.71983e-07,3.43965e-07,-3.43965e-07,         0,         0,         0,         0, 0.0282084,         0,
86 ,          0,1.71983e-07,         0,3.43965e-07,         0,         0,         0,3.43965e-07,         0,         0,1.71983e-07,1.71983e-07,3.43965e-07,
87 ,          0,         0,-3.43965e-07,3.43965e-07,1.71983e-07,1.71983e-07,         0,1.71983e-07,         0,-3.43965e-07,-3.43965e-07,3.43965e-07,  0.331062,
88 ,          0,         0,         0,-3.43965e-07,-3.43965e-07,-3.43965e-07,1.71983e-07,         0,3.43965e-07,         0,         0,1.71983e-07,-3.43965e-07,
89 ,          0,3.43965e-07,         0,         0,1.71983e-07,3.43965e-07,         0,         0,         0,1.71983e-07,         0,         0,5.15948e-07,
90 ,          0,         0,-3.43965e-07,         0,1.71983e-07,         0,  0.530919,         0,         0,3.43965e-07,1.71983e-07,5.15948e-07,         0,
91 ,          0,3.43965e-07,1.71983e-07,         0,         0,3.43965e-07,         0,         0,         0,-3.43965e-07,3.43965e-07,-3.43965e-07,         0,
92 ,          0,         0,         0,-3.43965e-07,         0,-3.43965e-07,         0,         0,-3.43965e-07,1.71983e-07,-3.43965e-07,         0,1.71983e-07,
93 ,          0,         0,-3.43965e-07,         0,         0,         0,5.15948e-07,         0,         0,1.71983e-07,-3.43965e-07,1.71983e-07,1.71983e-07,
94 ,          0,3.43965e-07,         0,         0,3.43965e-07,         0,-3.43965e-07,1.71983e-07,         0,-3.43965e-07,-3.43965e-07,  0.221299,1.71983e-07,
95 ,          0,3.43965e-07,-3.43965e-07,1.71983e-07,         0,3.43965e-07,         0,-3.43965e-07,         0,1.71983e-07,         0,3.43965e-07,3.43965e-07,
96 ,          0,1.71983e-07,         0,-3.43965e-07,         0,         0,         0,-3.43965e-07,         0,         0,1.71983e-07,5.15948e-07,-3.43965e-07,
97 ,          0,1.71983e-07,         0,1.71983e-07,         0,-3.43965e-07,3.43965e-07,  0.232972,   0.58255,         0,-3.43965e-07,3.43965e-07,         0,
98 ,          0,-3.43965e-07,         0,         0,         0,1.71983e-07,1.71983e-07,         0,-3.43965e-07,1.71983e-07,  0.254914,-3.43965e-07,3.43965e-07,
99 ,          0,1.71983e-07,         0,1.71983e-07,         0,1.71983e-07,         0,-3.43965e-07,         0,         0,-3.43965e-07,         0,1.71983e-07,
100 ,          0,-3.43965e-07,1.71983e-07,         0,         0,         0,-6.87931e-07,1.71983e-07,-3.43965e-07,         0,1.71983e-07,         0,3.43965e-07,
101 ,          0,-3.43965e-07,         0,3.43965e-07,1.71983e-07,         0,         0,         0,-3.43965e-07,         0,1.71983e-07,         0,         0,
102 ,          0,1.71983e-07,   0.51699,         0,         0,1.71983e-07,-3.43965e-07,6.8793e-07,-3.43965e-07,         0,-3.43965e-07,         0,         0,
103 ,          0,         0,3.43965e-07,3.43965e-07,  0.817671,-3.43965e-07,3.43965e-07,         0,         0,         0,  0.671918,3.43965e-07,         0,
104 ,          0,1.71983e-07,1.71983e-07,         0,1.71983e-07,         0,1.71983e-07,3.43965e-07,  0.194461,1.71983e-07,         0,1.71983e-07,         0,
105 ,          0,5.15948e-07,1.71983e-07,         0,         0,-3.43965e-07,         0,5.15948e-07,1.71983e-07,         0,         0,         0,5.15948e-07,
106 ,          0,-3.43965e-07,1.71983e-07,-3.43965e-07,1.71983e-07,-3.43965e-07,1.71983e-07,-3.43965e-07,-3.43965e-07,         0,         0,-3.43965e-07,         0,
107 ,          0,3.43965e-07,-3.43965e-07,5.15948e-07,         0,1.71983e-07,1.71983e-07,1.71983e-07,-3.43965e-07,1.71983e-07,3.43965e-07,1.71983e-07,-3.43965e-07,
108 ,          0,         0,         0,         0,         0,-3.43965e-07,3.43965e-07,1.71983e-07,-3.43965e-07,         0,-3.43965e-07,1.71983e-07,-3.43965e-07,
109 ,          0,         0,3.43965e-07,  0.434219,-3.43965e-07,         0,-3.43965e-07,         0,         0,         0,         0,-3.43965e-07,         0,
110 ,          0,         0,         0,-3.43965e-07,         0,3.43965e-07,3.43965e-07,1.71983e-07,         0,-3.43965e-07,         0,         0,         0,
111 ,          0,         0,         0,         0,         0,-3.43965e-07,3.43965e-07,5.15948e-07,         0,1.71983e-07,         0,         0,1.71983e-07,
112 ,          0,         0,         0,         0,         0,1.71983e-07,         0,         0,         0,6.8793e-07,3.43965e-07,-3.43965e-07,3.43965e-07,
113 ,          0,1.71983e-07,         0,-3.43965e-07,         0,         0,         0,  0.209565,         0,3.43965e-07,         0,         0,1.71983e-07,
114 ,          0,1.71983e-07,         0,1.71983e-07,         0,  0.383618,         0,         0,-3.43965e-07,6.8793e-07,3.43965e-07,1.71983e-07,1.71983e-07,
115 ,          0,         0,-3.43965e-07,         0,         0,3.43965e-07,1.71983e-07,         0,         0,         0,         0,1.71983e-07,-3.43965e-07,
116 ,          0,-3.43965e-07,1.71983e-07,         0,         0,         0,1.71983e-07,1.71983e-07,-3.43965e-07,-3.43965e-07,5.15948e-07,         0,         0,
117 ,          0,5.15948e-07,         0,1.71983e-07,         0,         0,         0,1.71983e-07,3.43965e-07,         0,         0,1.71983e-07,         0,
118 ,          0,-3.43965e-07,         0,         0,  0.928025,-3.43965e-07,         0,1.71983e-07,1.71983e-07,         0,3.43965e-07,         0,         0,
119 ,          0,         0,         0,         0,1.71983e-07,         0,-3.43965e-07,         0,1.71983e-07,         0,3.43965e-07,1.71983e-07,         0,
120 ,          0,         0,         0,-3.43965e-07,3.43965e-07,3.43965e-07,         0,         0,         0,         0,1.71983e-07,         0,         0,
121 ,          0,         0,5.15948e-07,         0,  0.532325,-3.43965e-07,1.71983e-07,-3.43965e-07,         0,3.43965e-07,5.15948e-07,         0,         0,
122 ,          0,3.43965e-07,1.71983e-07,-6.87931e-07,-3.43965e-07,-3.43965e-07,-3.43965e-07,         0,1.71983e-07,5.15948e-07,         0,3.43965e-07,1.71983e-07,
123 ,          0,         0,5.15948e-07,  0.424868,5.15948e-07,         0,         0,-3.43965e-07,         0,         0,         0,         0,         0,
124 ,          0,1.71983e-07,1.71983e-07,         0,         0,  0.520231,3.43965e-07,         0,1.71983e-07,         0,         0,3.43965e-07,3.43965e-07,
125 ,          0,1.71983e-07,         0,         0,3.43965e-07,         0,3.43965e-07,1.71983e-07,3.43965e-07,         0,         0,         0,1.71983e-07,
126 ,          0,1.71983e-07,1.71983e-07,         0,1.71983e-07,-3.43965e-07,3.43965e-07,-3.43965e-07,         0,         0,3.43965e-07,3.43965e-07,   0.74833,
127 ,          0,3.43965e-07,1.71983e-07, 0.0229515,5.15948e-07,1.71983e-07,-3.43965e-07,         0,1.71983e-07,-3.43965e-07,-3.43965e-07,5.15948e-07,0.00368904,
128 ,          0,         0,         0,-3.43965e-07,         0,-3.43965e-07,         0,1.71983e-07,-3.43965e-07,         0,         0,         0,3.43965e-07,
129 ,          0,         0,-3.43965e-07,-3.43965e-07,1.71983e-07,         0,         0,5.15948e-07,         0,         0,5.15948e-07,         0,6.8793e-07,
130 ,          0,         0,-3.43965e-07,1.71983e-07,         0,         0,5.15948e-07,1.71983e-07,         0,-3.43965e-07,         0,5.15948e-07,1.71983e-07,
131 ,          0,-3.43965e-07,-3.43965e-07,3.43965e-07,3.43965e-07,  0.109834,         0,         0,         0,1.71983e-07,-3.43965e-07,         0,1.71983e-07,
132 ,          0,         0,         0,         0,3.43965e-07,         0,-3.43965e-07,         0,         0,1.71983e-07,         0,-3.43965e-07,         0,
133 ,          0,         0,1.71983e-07,1.71983e-07,1.71983e-07,         0,1.71983e-07,         0,-3.43965e-07,         0,         0,1.71983e-07,3.43965e-07,
134 ,          0,-3.43965e-07,-3.43965e-07,-3.43965e-07,5.15948e-07,1.71983e-07,-3.43965e-07,         0,         0,1.71983e-07,-3.43965e-07,         0,-3.43965e-07,
135 ,          0,         0,1.71983e-07,         0,-3.43965e-07,1.71983e-07,         0,1.71983e-07,         0,-6.87931e-07,1.71983e-07,         0,         0,
136 ,          0,         0,         0,  0.448872,1.71983e-07,         0,3.43965e-07,3.43965e-07,-3.43965e-07,         0,         0,-3.43965e-07,         0,
137 ,          0,-3.43965e-07,-3.43965e-07,         0,1.71983e-07,3.43965e-07,         0,         0,         0,5.15948e-07,-3.43965e-07,         0,         0,
138 ,          0,1.71983e-07,3.43965e-07,1.71983e-07,1.71983e-07,-3.43965e-07,         0,1.71983e-07,         0,  0.132683,3.43965e-07,         0,-3.43965e-07,
139 ,          0,         0,1.71983e-07,         0,-3.43965e-07,-3.43965e-07,3.43965e-07,-3.43965e-07,1.71983e-07,         0,-6.87931e-07,         0,  0.314956,
140 ,          0,         0,-3.43965e-07,3.43965e-07,         0,-6.87931e-07,         0,         0,-3.43965e-07,         0,         0,1.71983e-07,         0,
141 ,          0,         0,1.71983e-07,         0,-3.43965e-07,3.43965e-07,         0,-3.43965e-07,         0,-6.87931e-07,3.43965e-07,3.43965e-07,         0,
142 ,          0,1.71983e-07,         0,         0,-3.43965e-07,         0,6.8793e-07,         0,  0.615572,         0,         0,5.15948e-07,1.71983e-07,
143 ,          0,         0,1.71983e-07,1.71983e-07,1.71983e-07,         0,-3.43965e-07,         0,1.71983e-07,1.71983e-07,  0.457513,         0,         0,
144 ,          0,3.43965e-07,         0,-3.43965e-07,         0,3.43965e-07,-3.43965e-07,         0,1.71983e-07,         0,         0,         0,         0,
145 ,          0,-3.43965e-07,-3.43965e-07,1.71983e-07,         0,         0,         0,1.71983e-07,         0,-3.43965e-07,-3.43965e-07,         0,-3.43965e-07,
146 ,          0,-3.43965e-07,         0,-3.43965e-07,         0,3.43965e-07,         0,         0,         0,3.43965e-07,1.71983e-07,-3.43965e-07,1.71983e-07,
147 ,          0,         0,1.71983e-07,         0,3.43965e-07,-3.43965e-07,-3.43965e-07,3.43965e-07,3.43965e-07,-3.43965e-07,1.71983e-07,5.15948e-07,-3.43965e-07,
148 ,          0,         0,         0,         0,3.43965e-07,-3.43965e-07,1.71983e-07,         0,1.71983e-07,3.43965e-07,         0,         0,         0,
149 ,          0,         0,-3.43965e-07,         0,3.43965e-07,1.71983e-07,-3.43965e-07,-3.43965e-07,3.43965e-07,         0,         0,         0,         0,
150 ,          0,-3.43965e-07,         0,1.71983e-07,-3.43965e-07,         0, 0.0484016,1.71983e-07,5.15948e-07,5.15948e-07,         0,8.59913e-07,1.71983e-07,
151 ,          0,5.15948e-07,3.43965e-07,  0.316133,         0,         0,         0,         0,1.71983e-07,-3.43965e-07,1.71983e-07,3.43965e-07,         0,
152 ,          0,6.8793e-07,         0,         0,1.71983e-07,         0,  0.295376,3.43965e-07,         0,3.43965e-07,         0,         0,         0,
153 ,          0,1.71983e-07,         0,  0.135077,         0,1.71983e-07,3.43965e-07,5.15948e-07,3.43965e-07,  0.473198,         0,1.71983e-07,         0,
154 ,          0,  0.181612,         0,-3.43965e-07,1.71983e-07,3.43965e-07,         0,1.71983e-07,3.43965e-07,         0,         0,-3.43965e-07,1.71983e-07,
155 ,          0,1.71983e-07, 0.0303492,3.43965e-07,  0.272638,-3.43965e-07,1.71983e-07,         0,1.71983e-07,         0,1.71983e-07,1.71983e-07,  0.300173,
156 ,          0,         0,-3.43965e-07,         0,         0,1.71983e-07,-6.87931e-07,1.71983e-07,         0,5.15948e-07,         0,         0, 0.0182842,
157 ,          0,1.71983e-07,1.71983e-07,-3.43965e-07,1.71983e-07, 0.0582591,         0,1.71983e-07,         0,5.15948e-07,1.71983e-07,5.15948e-07,5.15948e-07,
158 ,          0,3.43965e-07,1.71983e-07,1.71983e-07,         0,         0, 0.0676513,1.71983e-07,         0,         0,         0,         0,         0,
159 ,          0,1.71983e-07,         0,1.71983e-07,         0,         0,-3.43965e-07,1.71983e-07,1.71983e-07,         0,         0,         0,         0,
160 ,          0, 0.0446765,-3.43965e-07,         0,         0,3.43965e-07,         0,1.71983e-07,-3.43965e-07,1.71983e-07,1.71983e-07,         0,         0,
161 ,          0,         0,         0,1.71983e-07,-3.43965e-07,1.71983e-07,1.71983e-07,-3.43965e-07,         0,5.15948e-07,         0,         0,1.71983e-07,
162 ,          0,1.71983e-07,         0,3.43965e-07,         0,1.71983e-07,         0,   0.14382,1.71983e-07,1.71983e-07,1.71983e-07,         0,  0.142431,
163 ,          0,1.71983e-07,-3.43965e-07,3.43965e-07,3.43965e-07,1.71983e-07,1.71983e-07,5.15948e-07, 0.0283382,0.00279356,  0.226757,3.43965e-07,         0,
164 ,          0,-3.43965e-07,-3.43965e-07,1.71983e-07,3.43965e-07,1.71983e-07,-3.43965e-07,-3.43965e-07,         0,1.71983e-07,3.43965e-07,-3.43965e-07,         0,
165 ,          0,         0,1.71983e-07,-3.43965e-07,-3.43965e-07,1.71983e-07,         0,1.71983e-07,         0,         0,         0,         0,1.71983e-07,
166 ,          0,         0,         0,1.71983e-07,1.71983e-07,-6.87931e-07,         0,         0,  0.577797,1.71983e-07,1.71983e-07,1.71983e-07,         0,
167 ,          0,1.71983e-07,3.43965e-07,3.43965e-07,         0,         0,1.71983e-07,-3.43965e-07,3.43965e-07,1.71983e-07,1.71983e-07,  0.189516,1.71983e-07,
168 ,          0,         0,         0,         0,1.71983e-07,3.43965e-07,1.71983e-07,         0,1.71983e-07,         0,         0,-3.43965e-07,         0,
169 ,          0,-3.43965e-07,         0,1.71983e-07,         0,1.71983e-07,1.71983e-07,         0,1.71983e-07,  0.234884,1.71983e-07,1.71983e-07,1.71983e-07,
170 ,          0,1.71983e-07,         0,         0,1.71983e-07,1.71983e-07,         0,-3.43965e-07,         0,         0,1.71983e-07,1.71983e-07,         0,
171 ,          0,         0,         0,   0.28917,         0,1.71983e-07,         0,  0.375761,3.43965e-07,         0,-3.43965e-07,-3.43965e-07,-3.43965e-07,
172 ,          0, 0.0216431,3.43965e-07,         0,         0,-3.43965e-07,         0,3.43965e-07,-3.43965e-07,1.71983e-07,1.71983e-07,1.71983e-07,         0,
173 ,          0,         0,         0,1.71983e-07,         0,-3.43965e-07,         0,1.71983e-07,-3.43965e-07,3.43965e-07,         0,         0,1.71983e-07,
174 ,          0,-3.43965e-07,1.71983e-07,3.43965e-07,         0,  0.270635,3.43965e-07,1.71983e-07,3.43965e-07,         0,         0,3.43965e-07,-3.43965e-07,
175 ,          0,1.71983e-07,1.71983e-07,1.71983e-07,1.71983e-07,1.71983e-07,         0,         0,         0,-3.43965e-07,1.71983e-07,-3.43965e-07,1.71983e-07,
176 ,          0,  0.384833,  0.255848,1.71983e-07,1.71983e-07,         0,-3.43965e-07,  0.662924,  0.265539,-3.43965e-07,1.71983e-07,-1.0319e-06,5.15948e-07,
177 ,          0,1.71983e-07,         0,         0, 0.0417648,3.43965e-07,5.15948e-07,         0,-3.43965e-07,         0,         0,3.43965e-07,1.71983e-07,
178 ,          0,1.71983e-07,         0,  0.312374,3.43965e-07,         0,         0,         0,-3.43965e-07,         0,1.71983e-07,         0,-3.43965e-07,
179 ,          0,-3.43965e-07,3.43965e-07,  0.320673,3.43965e-07,1.71983e-07,-3.43965e-07,1.71983e-07,         0,1.71983e-07,1.71983e-07,         0,         0,
180 ,          0,-3.43965e-07,-3.43965e-07,1.71983e-07,         0,1.71983e-07,-3.43965e-07,         0,  0.350676,  0.185628,3.43965e-07,-3.43965e-07,-3.43965e-07,
181 ,          0,-3.43965e-07,1.71983e-07,         0,1.71983e-07,         0,         0,-3.43965e-07,         0,3.43965e-07,1.71983e-07,1.71983e-07,3.43965e-07,
182 ,          0,         0,         0,1.71983e-07,         0,-3.43965e-07,         0,-3.43965e-07,  0.204442,         0,-3.43965e-07,-3.43965e-07,         0,
183 ,          0,-3.43965e-07,3.43965e-07,1.71983e-07,3.43965e-07,1.71983e-07,  0.421042,1.71983e-07,         0,         0,-3.43965e-07,         0,         0,
184 ,          0,1.71983e-07,-3.43965e-07,         0,         0,         0,         0,         0,3.43965e-07,         0,         0,3.43965e-07,-3.43965e-07,
185 ,          0,         0,5.15948e-07,         0,1.71983e-07,3.43965e-07,         0,-3.43965e-07,         0,-3.43965e-07,3.43965e-07,         0,         0,
186 ,          0,1.71983e-07,         0,1.71983e-07,         0,1.71983e-07,         0,         0,         0,-3.43965e-07,1.71983e-07,3.43965e-07,1.71983e-07,
187 ,          0,-3.43965e-07,1.71983e-07,         0,1.71983e-07,1.71983e-07,5.15948e-07,         0,         0,  0.448871,-3.43965e-07,  0.223871, 0.0476266,
188 ,          0,         0,         0,         0,3.43965e-07,         0,1.71983e-07,3.43965e-07,1.71983e-07,3.43965e-07,         0,3.43965e-07,1.71983e-07,
189 ,          0,         0,         0,         0,         0,3.43965e-07,         0,         0,         0,         0,         0,         0,1.71983e-07,
190 ,          0,-3.43965e-07,1.71983e-07,-3.43965e-07,1.71983e-07,1.71983e-07,-3.43965e-07,1.71983e-07,         0,-3.43965e-07,         0,         0,1.71983e-07,
191 ,          0,-6.87931e-07,         0,-3.43965e-07,-3.43965e-07,-3.43965e-07,         0,3.43965e-07,-3.43965e-07,         0,         0,8.59913e-07,-3.43965e-07,
192 ,          0,-3.43965e-07,         0,3.43965e-07,1.71983e-07,         0,1.71983e-07,1.71983e-07,         0,         0,         0,         0,         0,
193 ,          0,         0,         0,-3.43965e-07,1.71983e-07,         0,         0,         0,3.43965e-07,-3.43965e-07,3.43965e-07,-6.87931e-07,         0,
194 ,          0,3.43965e-07,         0,         0,         0,3.43965e-07,         0,1.71983e-07,         0,1.71983e-07,3.43965e-07,         0,         0,
195 ,          0,3.43965e-07,1.71983e-07,         0,1.71983e-07,1.71983e-07,-3.43965e-07,         0,         0,3.43965e-07,         0,         0,         0,
196 ,          0,         0,1.71983e-07,3.43965e-07,  0.111651, 0.0150099,-3.43965e-07,         0,-3.43965e-07,         0,1.71983e-07,         0,         0,
197 ,          0,         0,         0,1.71983e-07,         0,1.71983e-07,         0,-3.43965e-07,         0,         0,1.71983e-07,         0,         0,
198 ,          0,         0,1.71983e-07,         0,         0,-3.43965e-07,         0,         0,         0,         0,         0,5.15948e-07,         0,
199 ,          0,1.71983e-07,         0,         0,1.71983e-07,-3.43965e-07,-3.43965e-07,         0,         0,         0,1.71983e-07,3.43965e-07,         0,
200 ,          0,3.43965e-07,1.71983e-07,3.43965e-07,1.71983e-07,3.43965e-07,         0,         0,         0,  0.509248,5.15948e-07,1.71983e-07,         0,
201 ,          0,1.71983e-07,3.43965e-07,-3.43965e-07,-3.43965e-07,3.43965e-07,1.71983e-07,1.71983e-07,         0,         0,3.43965e-07,         0,3.43965e-07,
202 ,          0,3.43965e-07,3.43965e-07,-3.43965e-07,         0,1.71983e-07,         0,         0,1.71983e-07,   0.75788,         0,1.71983e-07,-3.43965e-07,
203 ,          0,-3.43965e-07,1.71983e-07,1.71983e-07,1.71983e-07,1.71983e-07,         0,-3.43965e-07,3.43965e-07,         0,  0.862348,         0,         0,
204 ,          0,-3.43965e-07,  0.413517,1.71983e-07,         0,-3.43965e-07,-3.43965e-07,         0,1.71983e-07,-3.43965e-07,         0,         0,         0,
205 ,          0,         0,3.43965e-07,         0,-3.43965e-07,         0,         0,5.15948e-07,         0,         0,1.71983e-07,         0,1.71983e-07,
206 ,          0,         0,-3.43965e-07,1.71983e-07,1.71983e-07,1.71983e-07,         0,1.71983e-07,1.71983e-07,1.71983e-07,1.71983e-07,5.15948e-07,         0,
207 ,          0,1.71983e-07,1.71983e-07,1.71983e-07,3.43965e-07,         0,         0,         0,1.71983e-07,         0,1.71983e-07,-3.43965e-07,-3.43965e-07,
208 ,          0,  0.158513,         0,-3.43965e-07,         0,         0,         0,  0.434872,         0,         0,         0,         0,3.43965e-07,
209 ,          0,         0,1.71983e-07,         0,5.15948e-07,         0,-6.87931e-07,5.15948e-07,-3.43965e-07,         0,         0,         0,         0,
210 ,          0,         0,8.59913e-07,         0,-3.43965e-07,5.15948e-07,         0,         0,         0,1.71983e-07,-3.43965e-07,         0,1.71983e-07,
211 ,          0,         0,         0,         0,1.71983e-07,         0,-3.43965e-07,-3.43965e-07,1.71983e-07,         0,-3.43965e-07,1.71983e-07,  0.337458,
212 ,          0,         0,         0,         0,1.71983e-07,         0,3.43965e-07,         0,         0,         0,         0,-3.43965e-07,-3.43965e-07,
213 ,          0,1.71983e-07,         0,-3.43965e-07,         0,1.71983e-07,1.71983e-07,         0,         0,1.71983e-07,1.71983e-07,         0,5.15948e-07,
214 ,          0,-3.43965e-07,-3.43965e-07,1.71983e-07,         0,  0.499735,  0.419284,         0,1.71983e-07,-3.43965e-07,-3.43965e-07,-3.43965e-07,1.71983e-07,
215 ,          0,1.71983e-07,1.71983e-07,1.71983e-07,1.71983e-07,         0,1.71983e-07,         0,1.71983e-07,1.71983e-07,         0,         0,         0,
216 ,          0,1.71983e-07,3.43965e-07,         0,1.71983e-07,3.43965e-07,1.71983e-07,         0,1.71983e-07,-3.43965e-07,1.71983e-07,  0.712511,1.71983e-07,
217 ,          0,3.43965e-07,1.71983e-07,         0,1.71983e-07,         0, 0.0889417,         0,1.71983e-07,         0,         0,         0,3.43965e-07,
218 ,          0,3.43965e-07,         0,-3.43965e-07,-3.43965e-07,   0.28543,-3.43965e-07,         0,3.43965e-07,  0.291598,3.43965e-07,         0,         0,
219 ,          0,-3.43965e-07,         0,         0,         0,1.71983e-07,         0,3.43965e-07,         0,         0,3.43965e-07,         0,         0,
220 ,          0,         0,-6.87931e-07,1.71983e-07,-3.43965e-07,3.43965e-07,-3.43965e-07,3.43965e-07,3.43965e-07,         0,         0,         0,         0,
221 ,          0,1.71983e-07,1.71983e-07,         0,         0,-3.43965e-07,1.71983e-07,         0,         0,1.71983e-07,         0,         0,         0,
222 ,          0,1.71983e-07,         0,         0,         0,         0,         0,1.71983e-07,5.15948e-07,         0,-3.43965e-07,3.43965e-07,         0,
223 ,          0,         0,-3.43965e-07,         0,-3.43965e-07,1.71983e-07,         0,         0,1.71983e-07,  0.205179,1.71983e-07,1.71983e-07,         0,
224 ,          0,-6.87931e-07,         0,         0,-3.43965e-07,1.71983e-07,1.71983e-07,1.71983e-07,1.71983e-07,         0,-6.87931e-07,3.43965e-07,-3.43965e-07,
225 ,          0,         0,         0,         0,1.71983e-07,         0,         0,         0,         0,         0,  0.626311,         0,1.71983e-07,
226 ,          0,-3.43965e-07,1.71983e-07,         0,         0,1.71983e-07,1.71983e-07,5.15948e-07,         0,         0,1.71983e-07,         0,         0,
227 ,          0,1.71983e-07,         0,         0,1.71983e-07,1.71983e-07,         0,-3.43965e-07,-3.43965e-07,         0,3.43965e-07,1.71983e-07,         0,
228 ,          0,         0,         0,         0,1.71983e-07,1.71983e-07,5.15948e-07,1.71983e-07,1.71983e-07,-3.43965e-07,         0,3.43965e-07,1.71983e-07,
229 ,          0,         0,         0,-3.43965e-07,         0,-3.43965e-07,         0,3.43965e-07,1.71983e-07,-3.43965e-07,  0.093923,         0,         0,
230 ,          0,         0,         0,         0,1.71983e-07,-3.43965e-07,         0,-3.43965e-07,3.43965e-07,         0,1.71983e-07,-3.43965e-07,         0,
231 ,          0,-3.43965e-07,         0,-3.43965e-07,-3.43965e-07,-3.43965e-07,-3.43965e-07,         0,1.71983e-07,         0,1.71983e-07,         0,         0,
232 ,          0,3.43965e-07,-3.43965e-07,         0,         0,-3.43965e-07,         0,-3.43965e-07,         0,1.71983e-07,         0,         0,         0,
233 ,          0,         0,         0,-3.43965e-07,5.15948e-07,-3.43965e-07,1.71983e-07,1.71983e-07,         0,         0,         0,         0,1.71983e-07,
234 ,          0,6.8793e-07,-3.43965e-07,1.71983e-07,         0,3.43965e-07,3.43965e-07,1.71983e-07,1.71983e-07,3.43965e-07,1.71983e-07,1.71983e-07, 0.0771832,
235 ,          0,         0,         0,         0,-3.43965e-07,         0,         0,         0,-3.43965e-07,1.71983e-07,3.43965e-07,-3.43965e-07,1.71983e-07,
236 ,          0,-6.87931e-07,-3.43965e-07,-3.43965e-07,-3.43965e-07,3.43965e-07,         0,1.71983e-07,1.71983e-07,1.71983e-07,         0,-3.43965e-07,         0,
237 ,          0,5.15948e-07,1.71983e-07,1.71983e-07,-3.43965e-07,         0,1.71983e-07,-6.87931e-07,         0,         0,         0,         0,1.71983e-07,
238 ,          0,3.43965e-07,3.43965e-07,-3.43965e-07,-3.43965e-07,         0,1.71983e-07,1.71983e-07,         0,-3.43965e-07,1.71983e-07,-3.43965e-07,1.71983e-07,
239 ,          0,1.71983e-07,         0,1.71983e-07,1.71983e-07,1.71983e-07,1.71983e-07,         0,-3.43965e-07,         0,1.71983e-07,1.71983e-07,         0,
240 ,          0,         0,         0,         0,3.43965e-07,3.43965e-07,3.43965e-07,         0,3.43965e-07,1.71983e-07,         0,         0,         0,
241 ,          0,1.71983e-07,         0,3.43965e-07,         0,-6.87931e-07,         0,1.71983e-07,  0.623984,         0,-3.43965e-07,1.71983e-07,         0,
242 ,          0,         0,         0,3.43965e-07,         0,5.15948e-07,         0,         0,1.71983e-07,-3.43965e-07,1.71983e-07,-3.43965e-07,         0,
243 ,          0,-3.43965e-07,-3.43965e-07,         0,3.43965e-07,3.43965e-07,  0.529045,1.71983e-07,1.71983e-07,         0,         0,         0,1.71983e-07,
244 ,          0,1.71983e-07,         0,1.71983e-07,1.71983e-07,         0,-6.87931e-07,         0,         0,1.71983e-07,-3.43965e-07,         0,-3.43965e-07,
245 ,          0,  0.292527,1.71983e-07,         0,         0,  0.330043,         0,1.71983e-07,1.71983e-07,3.43965e-07,-3.43965e-07,-3.43965e-07,         0,
246 ,          0,3.43965e-07,         0,1.71983e-07,         0,-3.43965e-07,         0,         0,-3.43965e-07,         0,         0,1.71983e-07,1.71983e-07,
247 ,          0,         0,         0,         0,-3.43965e-07,         0,         0,         0,1.71983e-07,-3.43965e-07,         0,1.71983e-07,1.71983e-07,
248 ,          0,         0,         0,1.71983e-07,-3.43965e-07,1.71983e-07,         0,1.71983e-07,1.71983e-07,         0,-3.43965e-07,-3.43965e-07,1.71983e-07,
249 ,          0,3.43965e-07,         0,  0.643715,-3.43965e-07,         0,         0,         0,         0,3.43965e-07,         0,1.71983e-07,1.71983e-07,
250 ,          0,         0,1.71983e-07,         0,1.71983e-07,         0,         0,1.71983e-07,1.71983e-07,         0,         0,5.15948e-07,         0,
251 ,          0,3.43965e-07,         0,         0,  0.619266,         0,-3.43965e-07,         0,1.71983e-07,-3.43965e-07,-3.43965e-07,         0,         0,
252 ,          0,         0,         0,1.71983e-07,1.71983e-07,         0,         0,         0,-6.87931e-07,         0,-3.43965e-07,         0,-6.87931e-07,
253 ,          0,  0.483277,1.71983e-07,-3.43965e-07,-3.43965e-07,1.71983e-07, 0.0273215,1.71983e-07,1.71983e-07,-3.43965e-07,-3.43965e-07,3.43965e-07,         0,
254 ,          0,         0,1.71983e-07,5.15948e-07,-3.43965e-07,-3.43965e-07,3.43965e-07,         0,         0,1.71983e-07,-3.43965e-07,         0,1.71983e-07,
255 ,          0,         0,         0,3.43965e-07,-3.43965e-07,         0,         0,         0,-3.43965e-07,1.71983e-07,         0,         0,    0.1351,
256 ,          0,         0,3.43965e-07,         0,         0,         0,1.71983e-07,-3.43965e-07,         0,1.71983e-07,1.71983e-07,         0,3.43965e-07,
257 ,          0,3.43965e-07,         0,         0,-3.43965e-07,1.71983e-07,-3.43965e-07,-3.43965e-07,3.43965e-07,         0,         0,         0,         0,
258 ,          0,5.15948e-07,-3.43965e-07,         0,1.71983e-07,-3.43965e-07,-6.87931e-07,         0,         0,-3.43965e-07,-3.43965e-07,         0,-3.43965e-07,
259 ,          0,  0.454787,3.43965e-07,         0,  0.409823,-3.43965e-07,         0,-3.43965e-07,1.71983e-07,         0,3.43965e-07,-3.43965e-07,         0,
260 ,          0,-3.43965e-07,         0,3.43965e-07,-3.43965e-07,         0,1.71983e-07,3.43965e-07,         0,         0,-3.43965e-07,1.71983e-07,         0,
261 ,          0,1.71983e-07,         0,5.15948e-07,-3.43965e-07,1.71983e-07,         0,         0,         0,         0,  0.262709,         0,-3.43965e-07,
262 ,          0,5.15948e-07,1.71983e-07,         0,6.8793e-07,         0,1.71983e-07,         0,-3.43965e-07,3.43965e-07,1.71983e-07,3.43965e-07,1.71983e-07,
263 ,          0,         0,3.43965e-07,1.71983e-07,1.71983e-07,-3.43965e-07,1.71983e-07,         0,         0,-3.43965e-07,1.71983e-07,5.15948e-07,-3.43965e-07,
264 ,          0,         0,-3.43965e-07,         0,         0,1.71983e-07,         0,         0,         0,-3.43965e-07,3.43965e-07,         0,1.71983e-07,
265 ,          0,         0,         0,1.71983e-07,  0.464329,1.71983e-07,-3.43965e-07,         0,         0,         0,         0,         0,-3.43965e-07,
266 ,          0,         0,         0,         0,         0,3.43965e-07,3.43965e-07,3.43965e-07,         0,         0,         0,         0,         0,
267 ,          0,3.43965e-07,         0,3.43965e-07,-3.43965e-07,         0,3.43965e-07,-3.43965e-07,1.71983e-07,1.71983e-07,-3.43965e-07,         0,         0,
268 ,          0,1.71983e-07,         0,1.71983e-07,0.00995504,         0,         0,1.71983e-07,         0,  0.333248,         0,         0,         0,
269 ,          0,  0.115611,1.71983e-07,-3.43965e-07,3.43965e-07,-6.87931e-07,-3.43965e-07,         0,1.71983e-07,         0,         0,         0,-3.43965e-07,
270 ,          0,         0,         0,3.43965e-07,         0,         0,-3.43965e-07,1.71983e-07,         0,         0,         0,         0,         0,
271 ,          0,  0.254176,-3.43965e-07,5.15948e-07,1.71983e-07,1.71983e-07,1.71983e-07,         0,-3.43965e-07,         0,         0,         0,-3.43965e-07,
272 ,          0,3.43965e-07,3.43965e-07,         0,         0,         0,         0,         0,         0,         0,         0,         0,1.71983e-07,
273 ,          0,         0,         0, 0.0580399, 0.0307614,         0,3.43965e-07,-3.43965e-07,         0,         0,         0,-3.43965e-07,-3.43965e-07,
274 ,          0,         0,-3.43965e-07,3.43965e-07,         0,1.71983e-07,         0,-3.43965e-07,1.71983e-07,-6.87931e-07,         0,-3.43965e-07,-3.43965e-07,
275 ,          0,         0,1.71983e-07,-3.43965e-07,         0,1.71983e-07,         0,         0,         0,3.43965e-07,3.43965e-07,         0,1.71983e-07,
276 ,          0,         0,-6.87931e-07,1.71983e-07,1.71983e-07,1.71983e-07,  0.118897,1.71983e-07,         0,5.15948e-07,-3.43965e-07,3.43965e-07,         0,
277 ,          0,-3.43965e-07,1.71983e-07,-3.43965e-07,         0,3.43965e-07,-3.43965e-07,1.71983e-07,-3.43965e-07,1.71983e-07,-3.43965e-07,         0,1.71983e-07,
278 ,          0,-3.43965e-07,         0,         0,         0,1.71983e-07,         0,1.71983e-07,         0,         0,1.71983e-07,         0,         0,
279 ,          0,-3.43965e-07,3.43965e-07,         0,3.43965e-07,1.71983e-07,1.71983e-07,         0,         0,         0,         0,         0,         0,
280 ,          0,5.15948e-07,-3.43965e-07,         0,-3.43965e-07,6.8793e-07,         0,         0,5.15948e-07,         0,         0,         0,3.43965e-07,
281 ,          0,         0,1.71983e-07,  0.170661,         0,1.71983e-07,         0,         0,-6.87931e-07,3.43965e-07,         0,1.71983e-07,         0,
282 ,          0,         0,1.71983e-07,         0,1.71983e-07,-3.43965e-07,1.71983e-07,         0,1.71983e-07,         0,1.71983e-07,  0.186343,1.71983e-07,
283 ,          0,-3.43965e-07,-3.43965e-07,         0,         0,         0,         0,1.71983e-07,-3.43965e-07,         0,-3.43965e-07,         0,1.71983e-07,
284 ,          0,-3.43965e-07,5.15948e-07,         0,1.71983e-07,3.43965e-07,1.71983e-07,         0,6.8793e-07,3.43965e-07,-3.43965e-07,1.71983e-07,         0,
285 ,          0,-3.43965e-07,1.71983e-07,5.15948e-07,1.71983e-07,1.71983e-07,1.71983e-07,-3.43965e-07,         0,         0,         0,         0,1.71983e-07,
286 ,          0,         0,         0,         0,         0,         0,1.71983e-07,-3.43965e-07,  0.700387,-6.87931e-07,3.43965e-07,    0.4623,1.71983e-07,
287 ,          0,-3.43965e-07,         0,1.71983e-07,1.71983e-07,         0,         0,-3.43965e-07,-3.43965e-07,         0,         0,-3.43965e-07,         0,
288 ,          0,1.71983e-07,         0,         0,         0,1.71983e-07,         0,         0,         0,-3.43965e-07,1.71983e-07,  0.134948,         0,
289 ,          0,1.71983e-07,         0,-3.43965e-07,1.71983e-07,3.43965e-07,         0,1.71983e-07,1.71983e-07,         0,3.43965e-07,-3.43965e-07,         0,
290 ,          0,1.71983e-07, 0.0960367,3.43965e-07,-3.43965e-07,-3.43965e-07,3.43965e-07,         0,3.43965e-07,         0,1.71983e-07,-3.43965e-07,         0,
291 ,          0,         0,  0.188657,1.71983e-07,1.71983e-07,         0,1.71983e-07,  0.179765,-3.43965e-07,5.15948e-07,1.71983e-07,         0,         0,
292 ,          0,         0,1.71983e-07,3.43965e-07,-3.43965e-07,         0,         0,1.71983e-07,-3.43965e-07,-3.43965e-07,-3.43965e-07,1.71983e-07,         0,
293 ,          0,         0,         0,-3.43965e-07,1.71983e-07,         0,3.43965e-07,5.15948e-07,         0,1.71983e-07,5.15948e-07,1.71983e-07,-3.43965e-07,
294 ,          0,3.43965e-07,-3.43965e-07,-3.43965e-07,         0,1.71983e-07,         0,1.71983e-07,         0,3.43965e-07,   0.68537,         0,-3.43965e-07,
295 ,          0,1.71983e-07,1.71983e-07,1.71983e-07,         0,1.71983e-07,1.71983e-07,         0,-3.43965e-07,         0,         0,         0,         0,
296 ,          0,         0,         0,         0,         0,1.71983e-07,         0,   0.33851,-3.43965e-07,         0,         0,-3.43965e-07,         0,
297 ,          0,-6.87931e-07,1.71983e-07,1.71983e-07,         0,         0,1.71983e-07,         0,         0,  0.106164,         0,-3.43965e-07,         0,
298 ,          0,         0,3.43965e-07,1.71983e-07,         0,-3.43965e-07,-3.43965e-07,-3.43965e-07,         0,3.43965e-07,         0,-3.43965e-07,         0,
299 ,          0,1.71983e-07,1.71983e-07,         0,-3.43965e-07,1.71983e-07,         0,3.43965e-07,         0,3.43965e-07,3.43965e-07,6.8793e-07,5.15948e-07,
300 ,          0,         0,1.71983e-07,1.71983e-07,         0,1.71983e-07,         0,1.71983e-07,         0,1.71983e-07,-3.43965e-07,         0,-3.43965e-07,
301 ,          0,-3.43965e-07,1.71983e-07,  0.289278,-3.43965e-07,3.43965e-07,1.71983e-07,         0,         0,-6.87931e-07,         0,1.71983e-07,         0,
302 ,          0,1.71983e-07,         0,         0,-3.43965e-07,         0,1.71983e-07,         0,         0,         0,         0,5.15948e-07,3.43965e-07,
303 ,          0,1.71983e-07,1.71983e-07,1.71983e-07,         0,         0,-3.43965e-07,         0,-3.43965e-07,         0,         0,1.71983e-07,1.71983e-07,
304 ,          0,         0, 0.0485495,         0,-3.43965e-07,         0,3.43965e-07,1.71983e-07,3.43965e-07,1.71983e-07,1.71983e-07,-3.43965e-07,1.71983e-07,
305 ,          0,         0,         0,1.71983e-07,         0,         0,1.71983e-07,         0,         0,         0,         0,         0,1.71983e-07,
306 ,          0,1.71983e-07,         0,         0,3.43965e-07,3.43965e-07,         0,-3.43965e-07,1.71983e-07,1.71983e-07,         0,         0,-3.43965e-07,
307 ,          0,         0,-3.43965e-07,-3.43965e-07,3.43965e-07,3.43965e-07,         0,-3.43965e-07,         0,         0,         0,         0,         0,
308 ,          0,1.71983e-07,1.71983e-07,-3.43965e-07,3.43965e-07,-6.87931e-07,3.43965e-07,         0,         0,         0,         0,         0,         0,
309 ,          0,3.43965e-07,1.71983e-07,1.71983e-07,-3.43965e-07,1.71983e-07,1.71983e-07,         0,1.71983e-07,         0,5.15948e-07,3.43965e-07,5.15948e-07,
310 ,          0,         0,1.71983e-07,         0,1.71983e-07,         0,1.71983e-07,         0,         0,3.43965e-07,3.43965e-07,1.71983e-07,-3.43965e-07,
311 ,          0,         0,3.43965e-07,1.71983e-07,3.43965e-07,1.71983e-07,  0.311505,         0,-3.43965e-07,1.71983e-07,-3.43965e-07,         0,1.71983e-07,
312 ,          0,         0,1.71983e-07,3.43965e-07,1.71983e-07,         0,         0,-3.43965e-07,         0,3.43965e-07,3.43965e-07,         0,-3.43965e-07,
313 ,          0,  0.231937,         0,-3.43965e-07,5.15948e-07,         0,         0,         0,-3.43965e-07,         0,-3.43965e-07,         0,         0,
314 ,          0,-3.43965e-07,         0,-6.87931e-07,-3.43965e-07,1.71983e-07,-3.43965e-07,         0,1.71983e-07,         0,-3.43965e-07,  0.109644,         0,
315 ,          0, 0.0989289,         0,1.71983e-07,         0,-3.43965e-07,         0,1.71983e-07,3.43965e-07,         0,   0.57285,1.71983e-07,1.71983e-07,
316 ,          0,-3.43965e-07,         0,1.71983e-07,-3.43965e-07,-3.43965e-07,-3.43965e-07,         0,5.15948e-07,         0,1.71983e-07,         0,         0,
317 ,          0,1.71983e-07,         0,1.71983e-07,         0,         0,         0,3.43965e-07,1.71983e-07,3.43965e-07,         0,3.43965e-07,         0,
318 ,          0,         0,  0.258821,1.71983e-07,         0,         0,  0.572856,5.15948e-07,1.71983e-07,-3.43965e-07,-3.43965e-07,         0,3.43965e-07,
319 ,          0,1.71983e-07,         0,-3.43965e-07,3.43965e-07,-3.43965e-07,         0,         0,3.43965e-07,3.43965e-07,1.71983e-07,1.71983e-07,1.71983e-07,
320 ,          0,         0, 0.0117626,1.71983e-07,         0,1.71983e-07,1.71983e-07,  0.332313,         0,-3.43965e-07,6.8793e-07,1.71983e-07,-3.43965e-07,
321 ,          0,         0,3.43965e-07,         0,3.43965e-07,  0.053334,-3.43965e-07,         0,         0,6.8793e-07,-3.43965e-07,-6.87931e-07,         0,
322 ,          0,         0,1.71983e-07,3.43965e-07,-3.43965e-07,1.71983e-07,-3.43965e-07,         0,6.8793e-07,         0,         0,         0,         0,
323 ,          0,-3.43965e-07,         0,         0,         0,         0,         0,         0,1.71983e-07,         0,-3.43965e-07,         0,         0,
324 ,          0,         0,         0,         0,         0,         0,1.71983e-07,-3.43965e-07,         0,-3.43965e-07,3.43965e-07,         0,         0,
325 ,          0,1.71983e-07,         0,         0,-3.43965e-07,         0,  0.250423,         0,         0,1.71983e-07,         0,         0,         0,
326 ,          0,         0,3.43965e-07,1.71983e-07,         0,1.71983e-07,-3.43965e-07,         0,5.15948e-07,         0,         0,         0,-3.43965e-07,
327 ,          0,         0,         0,         0,1.71983e-07,6.8793e-07,1.71983e-07,         0,1.71983e-07,         0,3.43965e-07,3.43965e-07,-3.43965e-07,
328 ,          0,         0,3.43965e-07,1.71983e-07,-3.43965e-07,1.71983e-07,         0,-3.43965e-07,         0,1.71983e-07,         0,3.43965e-07,         0,
329 ,          0,1.71983e-07,         0,         0,-3.43965e-07,         0,-6.87931e-07,-3.43965e-07,         0,-3.43965e-07,         0,         0,-3.43965e-07,
330 ,          0,1.71983e-07,  0.279557,-6.87931e-07,3.43965e-07,3.43965e-07,-3.43965e-07,-3.43965e-07,3.43965e-07,1.71983e-07,-3.43965e-07,         0,1.71983e-07,
331 ,          0,-3.43965e-07,1.71983e-07,  0.507678,         0,         0,         0,         0,1.71983e-07,5.15948e-07,1.71983e-07,3.43965e-07,3.43965e-07,
332 ,          0,8.59913e-07,         0,         0,  0.764042,         0,  0.536939,1.71983e-07,-3.43965e-07,         0, 0.0637798,         0, 0.0460705,
333 ,          0,         0,-3.43965e-07,         0,  0.261209,1.71983e-07,1.71983e-07,         0,1.71983e-07,         0,         0,1.71983e-07,1.71983e-07,
334 ,          0,         0,3.43965e-07,         0,         0,1.71983e-07,         0,1.71983e-07,1.71983e-07,         0,   0.24582,-3.43965e-07,-3.43965e-07,
335 ,          0,1.71983e-07,         0,-3.43965e-07,-3.43965e-07,3.43965e-07,6.8793e-07,         0,         0,  0.232719,1.71983e-07,         0,1.71983e-07,
336 ,          0,         0,         0,1.71983e-07,         0,         0,1.71983e-07,         0,-3.43965e-07,3.43965e-07,1.71983e-07,1.71983e-07,         0,
337 ,          0,1.71983e-07,         0,         0,         0,1.71983e-07,         0,-3.43965e-07,1.71983e-07,-3.43965e-07,         0,         0,         0,
338 ,          0,-3.43965e-07,         0,         0,  0.608178,         0,-3.43965e-07,5.15948e-07,1.71983e-07,         0,1.71983e-07,-3.43965e-07,-3.43965e-07,
339 ,          0,         0,         0,  0.614729,         0,         0,3.43965e-07,1.71983e-07,-3.43965e-07,         0,3.43965e-07,3.43965e-07,3.43965e-07,
340 ,          0,-3.43965e-07,-3.43965e-07,-3.43965e-07,5.15948e-07,1.71983e-07,-3.43965e-07,-3.43965e-07,-3.43965e-07,1.71983e-07,1.71983e-07,3.43965e-07,         0,
341 ,          0,-6.87931e-07,1.71983e-07,         0,         0,         0,-3.43965e-07,         0,         0,3.43965e-07,1.71983e-07,         0,         0,
342 ,          0,1.71983e-07,3.43965e-07,1.71983e-07,         0,-3.43965e-07,         0,         0,1.71983e-07,-3.43965e-07,         0,1.71983e-07,         0,
343 ,          0,3.43965e-07,         0,1.71983e-07,1.71983e-07,         0,         0,         0,         0,5.15948e-07,3.43965e-07,1.71983e-07,3.43965e-07,
344 ,          0,  0.891587,         0,5.15948e-07,1.71983e-07,-3.43965e-07,         0,         0,-3.43965e-07,3.43965e-07,1.71983e-07,         0,         0,
345 ,          0,         0, 0.0243468,-3.43965e-07,         0,         0,-3.43965e-07,         0,-3.43965e-07,-3.43965e-07,         0,         0,         0,
346 ,          0,5.15948e-07,         0,1.71983e-07,1.71983e-07,-3.43965e-07,         0,1.71983e-07,  0.441886,         0,1.71983e-07,         0,3.43965e-07,
347 ,          0,1.71983e-07,         0,         0,         0,         0,         0,-3.43965e-07,         0,3.43965e-07,-3.43965e-07,1.71983e-07, 0.0718585,
348 ,          0,         0,         0,         0,         0,-3.43965e-07,1.71983e-07,3.43965e-07,1.71983e-07,1.71983e-07,         0,         0,-3.43965e-07,
349 ,          0,         0,         0,         0,         0,1.71983e-07,         0,6.8793e-07,-3.43965e-07,-3.43965e-07,         0,-3.43965e-07,         0,
350 ,          0,3.43965e-07,         0,1.71983e-07,1.71983e-07,-3.43965e-07,3.43965e-07,         0,-3.43965e-07,3.43965e-07,1.71983e-07,         0,         0,
351 ,          0,         0,         0,         0,3.43965e-07,3.43965e-07,1.71983e-07,1.71983e-07,         0,-3.43965e-07,-3.43965e-07,         0,         0,
352 ,          0,1.71983e-07,         0,1.71983e-07,3.43965e-07,         0,3.43965e-07,-3.43965e-07,         0,1.71983e-07,-3.43965e-07,-3.43965e-07,3.43965e-07,
353 ,          0,         0,1.71983e-07,3.43965e-07,1.71983e-07,         0,         0,         0,         0,-3.43965e-07,         0,         0,3.43965e-07,
354 ,          0,  0.652881,         0,-6.87931e-07,1.71983e-07,1.71983e-07,         0,         0,         0,         0,3.43965e-07,         0,1.71983e-07,
355 ,          0,         0,1.71983e-07,   0.90473,         0,-3.43965e-07,1.71983e-07,-3.43965e-07,         0,1.71983e-07,         0,3.43965e-07,         0,
356 ,          0,         0,         0,-3.43965e-07,         0,-3.43965e-07,-3.43965e-07,         0,         0,3.43965e-07,  0.366803,         0,  0.653478,
357 ,          0,3.43965e-07,1.71983e-07,         0,         0,3.43965e-07,         0,1.71983e-07,         0,-3.43965e-07,1.71983e-07,         0,-3.43965e-07,
358 ,          0,         0,1.71983e-07,5.15948e-07,5.15948e-07,-6.87931e-07,         0,-3.43965e-07,1.71983e-07,         0,1.71983e-07,1.71983e-07,         0,
359 ,          0,         0,         0,         0,         0,         0,1.71983e-07,5.15948e-07,  0.676548,         0,-3.43965e-07,         0,         0,
360 ,          0,3.43965e-07,         0,         0,1.71983e-07,-3.43965e-07,1.71983e-07,1.71983e-07,         0,         0,3.43965e-07,         0,  0.224776,
361 ,          0,-3.43965e-07,1.71983e-07,         0,-3.43965e-07,1.71983e-07,  0.180139,         0,         0,         0,         0,         0,3.43965e-07,
362 ,          0,         0,         0,-3.43965e-07,         0,1.71983e-07,-3.43965e-07,         0,-3.43965e-07,         0,         0,3.43965e-07,         0,
363 ,          0,1.71983e-07,5.15948e-07,1.71983e-07,         0,         0,-3.43965e-07,1.71983e-07,1.71983e-07,         0,-3.43965e-07,-3.43965e-07,-3.43965e-07,
364 ,          0,-3.43965e-07,-3.43965e-07,1.71983e-07,  0.533318,         0,         0,         0,1.71983e-07,-3.43965e-07,1.71983e-07,-3.43965e-07,         0,
365 ,          0,         0,-3.43965e-07,         0,         0,-3.43965e-07,         0,-3.43965e-07,3.43965e-07,         0,         0,-3.43965e-07,         0,
366 ,          0,3.43965e-07,         0,         0,-3.43965e-07,-3.43965e-07,         0,         0,         0,1.71983e-07,-3.43965e-07,-3.43965e-07,         0,
367 ,          0, 0.0104838,1.71983e-07,3.43965e-07,-3.43965e-07,         0,-3.43965e-07,         0,         0,1.71983e-07,  0.914006,1.71983e-07,-3.43965e-07,
368 ,          0,3.43965e-07,-3.43965e-07,5.15948e-07,         0,         0,-3.43965e-07,  0.307379,-3.43965e-07,         0,         0,         0,6.8793e-07,
369 ,          0,         0,1.71983e-07,         0,-3.43965e-07,1.71983e-07,         0,-3.43965e-07,3.43965e-07,1.71983e-07,-3.43965e-07,-6.87931e-07,3.43965e-07,
370 ,          0,  0.220264,         0,         0,-3.43965e-07,1.71983e-07,-3.43965e-07,1.71983e-07,         0,         0,         0,-3.43965e-07,-3.43965e-07,
371 ,          0,1.71983e-07,         0,1.71983e-07,         0,-6.87931e-07,         0,         0,         0,-3.43965e-07,-3.43965e-07,         0,1.71983e-07,
372 ,          0,         0,1.71983e-07,         0,-3.43965e-07,         0,-6.87931e-07,         0,3.43965e-07,5.15948e-07,         0,         0,  0.109662,
373 ,          0,         0,5.15948e-07,         0,1.71983e-07,  0.175056,  0.573796,1.71983e-07,         0,         0,3.43965e-07,3.43965e-07,1.71983e-07,
374 ,          0,-3.43965e-07,         0,         0,-3.43965e-07,5.15948e-07,         0,-3.43965e-07,1.71983e-07,         0,         0,1.71983e-07,1.71983e-07,
375 ,          0,         0,5.15948e-07,         0,  0.478758,-6.87931e-07,-3.43965e-07,-3.43965e-07,1.71983e-07,1.71983e-07,-3.43965e-07,1.71983e-07,1.71983e-07,
376 ,          0,3.43965e-07,         0,1.71983e-07,         0,         0,-3.43965e-07,1.71983e-07,         0,5.15948e-07,         0,-3.43965e-07,-3.43965e-07,
377 ,          0,         0,         0,         0,1.71983e-07,1.71983e-07,         0,5.15948e-07,-3.43965e-07,-3.43965e-07,         0,         0,1.71983e-07,
378 ,          0,         0,         0,         0,1.71983e-07,         0,1.71983e-07,         0,         0,         0,1.71983e-07,         0,         0,
379 ,          0,-3.43965e-07,1.71983e-07,         0,         0,1.71983e-07,3.43965e-07,-3.43965e-07,-3.43965e-07,         0,         0,1.71983e-07,-3.43965e-07,
380 ,          0,         0,         0,1.71983e-07,  0.223571,         0,1.71983e-07,-3.43965e-07,         0,         0,         0,1.71983e-07,-3.43965e-07,
381 ,          0,         0,1.71983e-07,1.71983e-07,         0,         0,         0,         0,3.43965e-07,         0,-3.43965e-07,1.71983e-07,         0,
382 ,          0,         0,-3.43965e-07,         0,         0,-3.43965e-07,1.71983e-07,3.43965e-07,-3.43965e-07,1.71983e-07,         0,-3.43965e-07,1.71983e-07,
383 ,          0,1.71983e-07,1.71983e-07,         0,5.15948e-07,3.43965e-07,         0,-3.43965e-07,-3.43965e-07,1.71983e-07,1.71983e-07,3.43965e-07,         0,
384 ,          0,5.15948e-07,-6.87931e-07,         0,1.71983e-07,-3.43965e-07,         0,         0,         0,1.71983e-07,         0,         0,-3.43965e-07,
385 ,          0,         0,         0,         0,1.71983e-07,         0,1.71983e-07,1.71983e-07,1.71983e-07,         0,3.43965e-07,         0,1.71983e-07,
386 ,          0,         0,         0,         0,         0,-3.43965e-07,         0,         0,  0.236582,         0,3.43965e-07,         0,1.71983e-07,
387 ,          0,-3.43965e-07,         0,         0,         0,3.43965e-07,         0,6.8793e-07,         0,-3.43965e-07,-3.43965e-07,-3.43965e-07,-3.43965e-07,
388 ,          0,         0,1.71983e-07,-3.43965e-07,-3.43965e-07,-3.43965e-07,         0,1.71983e-07,-3.43965e-07,-3.43965e-07,1.71983e-07,         0,         0,
389 ,          0,         0,         0,  0.504793,         0,-3.43965e-07,         0,         0,         0,3.43965e-07,         0,1.71983e-07,         0,
390 ,          0,1.71983e-07,         0,         0,-3.43965e-07,         0,1.71983e-07,-3.43965e-07,1.71983e-07,1.71983e-07,         0,         0,1.71983e-07,
391 ,          0,         0,1.71983e-07,         0,         0,-3.43965e-07,-3.43965e-07,1.71983e-07,1.71983e-07,         0,         0,         0,-3.43965e-07,
392 ,          0,1.71983e-07,1.71983e-07,3.43965e-07,  0.268185,1.71983e-07,1.71983e-07,1.71983e-07,1.71983e-07,         0,1.71983e-07,-3.43965e-07,         0,
393 ,          0,         0,         0,1.71983e-07,-6.87931e-07,         0,         0,-3.43965e-07,1.71983e-07,         0,1.71983e-07,-3.43965e-07,         0,
394 ,          0,-3.43965e-07,1.71983e-07,  0.898956,3.43965e-07,3.43965e-07,3.43965e-07,         0,1.71983e-07,  0.188142,         0,-3.43965e-07,-3.43965e-07,
395 ,          0, 0.0906151,         0,-3.43965e-07,3.43965e-07,1.71983e-07,         0,0.00627814,-3.43965e-07,-3.43965e-07,-3.43965e-07,         0,         0,
396 ,          0,3.43965e-07,1.71983e-07,         0,         0,         0,-3.43965e-07,         0,         0,         0,         0,         0,5.15948e-07,
397 ,          0,1.71983e-07,         0,1.71983e-07,3.43965e-07,1.71983e-07,  0.520964,         0,1.71983e-07,         0,1.71983e-07,1.71983e-07,-3.43965e-07,
398 ,          0,1.71983e-07,  0.824846,1.71983e-07,  0.134166, 0.0269166,1.71983e-07,         0,-3.43965e-07,3.43965e-07,         0,1.71983e-07,         0,
399 ,          0,3.43965e-07,         0,         0,-3.43965e-07,3.43965e-07,-3.43965e-07,-3.43965e-07,3.43965e-07,3.43965e-07,  0.297021,1.71983e-07,8.59913e-07,
400 ,          0,-3.43965e-07,1.71983e-07,1.71983e-07,-3.43965e-07,         0,         0,-3.43965e-07,1.71983e-07,         0, 0.0073369,         0,1.71983e-07,
401 ,          0,-3.43965e-07,         0,  0.412542,         0,-3.43965e-07,         0,3.43965e-07,         0,         0,         0,         0,         0,
402 ,          0,-3.43965e-07,         0,-3.43965e-07,  0.663832,5.15948e-07,3.43965e-07,         0,         0,         0,1.71983e-07,1.71983e-07,         0,
403 ,          0,         0,1.71983e-07,1.71983e-07,-3.43965e-07,         0,1.71983e-07,3.43965e-07,         0,1.71983e-07,         0,         0,         0,
404 ,          0,         0,         0,-3.43965e-07,-3.43965e-07,-3.43965e-07,-3.43965e-07,1.71983e-07,         0,-3.43965e-07,1.71983e-07,1.71983e-07,-3.43965e-07,
405 ,          0,-3.43965e-07,         0,-3.43965e-07,-3.43965e-07,         0,         0,3.43965e-07,         0,1.71983e-07,         0,1.71983e-07,         0,
406 ,          0,         0,-3.43965e-07,3.43965e-07,-3.43965e-07,-3.43965e-07, 0.0830268,         0,-3.43965e-07,         0,         0,-3.43965e-07,1.71983e-07,
407 ,          0,1.71983e-07,1.71983e-07,         0,         0,5.15948e-07,-6.87931e-07,-3.43965e-07,         0,         0,1.71983e-07,         0,1.71983e-07,
408 ,          0,         0,         0,1.71983e-07,-3.43965e-07,1.71983e-07,         0,         0,1.71983e-07,1.71983e-07,         0,         0,         0,
409 ,          0,-3.43965e-07,         0,1.71983e-07,  0.509359,1.71983e-07,         0,         0,         0,         0,-3.43965e-07,1.71983e-07,         0,
410 ,          0,1.71983e-07,5.15948e-07,  0.231539,-3.43965e-07,         0,         0,3.43965e-07, 0.0253113,-3.43965e-07,1.71983e-07,         0,1.71983e-07,
411 ,          0,1.71983e-07,         0,         0,1.71983e-07,-3.43965e-07,-3.43965e-07,         0,3.43965e-07,1.71983e-07,1.71983e-07,         0,         0,
412 ,          0,1.71983e-07,1.71983e-07,3.43965e-07,1.71983e-07,5.15948e-07,         0,1.71983e-07,         0,-3.43965e-07,1.71983e-07,3.43965e-07,-3.43965e-07,
413 ,          0,         0,         0,1.71983e-07,-3.43965e-07,         0,-3.43965e-07,3.43965e-07,         0,1.71983e-07,3.43965e-07,1.71983e-07,         0,
414 ,          0,         0,         0,-3.43965e-07,1.71983e-07,1.71983e-07,-3.43965e-07,         0,-3.43965e-07,         0,3.43965e-07,         0,-3.43965e-07,
415 ,          0,1.71983e-07,         0,  0.165721,         0,3.43965e-07,         0,3.43965e-07,         0,         0,1.71983e-07,         0,1.71983e-07,
416 ,          0,         0,-3.43965e-07,  0.286622,         0,         0,-3.43965e-07,1.71983e-07,  0.191119,1.71983e-07,1.71983e-07,1.71983e-07,-3.43965e-07,
417 ,          0,         0,         0,1.71983e-07,1.71983e-07,-3.43965e-07,3.43965e-07,         0,1.71983e-07,-3.43965e-07,         0,1.71983e-07,-3.43965e-07,
418 ,          0,         0,1.71983e-07,-3.43965e-07,         0,3.43965e-07,1.71983e-07,3.43965e-07,3.43965e-07,1.71983e-07,         0,         0,3.43965e-07,
419 ,          0,         0,         0,         0,1.71983e-07,1.71983e-07,         0,         0,3.43965e-07,         0,         0,-3.43965e-07,1.71983e-07,
420 ,          0,1.71983e-07,         0,-3.43965e-07,         0,3.43965e-07,5.15948e-07,-3.43965e-07,         0,         0,-3.43965e-07,         0,3.43965e-07,
421 ,          0,         0,1.71983e-07,         0,-3.43965e-07,         0,         0,         0,         0,3.43965e-07,         0,         0,         0,
422 ,          0,1.71983e-07,5.15948e-07,1.71983e-07,1.71983e-07,         0,-3.43965e-07,         0,1.71983e-07,-6.87931e-07,1.71983e-07,         0,         0,
423 ,          0,         0,1.71983e-07,         0,1.71983e-07,         0,5.15948e-07,1.71983e-07,1.71983e-07,1.71983e-07,5.15948e-07,1.71983e-07,         0,
424 ,          0,1.71983e-07,1.71983e-07,3.43965e-07,         0,         0,         0,1.71983e-07,         0,         0,3.43965e-07,1.71983e-07,         0,
425 ,          0,         0,         0,1.71983e-07,         0,         0,-3.43965e-07,         0,3.43965e-07,-3.43965e-07,1.71983e-07,         0,1.71983e-07,
426 ,          0,-3.43965e-07,         0,-3.43965e-07,         0,3.43965e-07,1.71983e-07,         0,         0,         0,         0,  0.358723,1.71983e-07,
427 ,          0,         0,1.71983e-07,5.15948e-07,  0.282963,3.43965e-07,-3.43965e-07,         0,         0,-3.43965e-07,-3.43965e-07,         0,         0,
428 ,          0,         0,-3.43965e-07,1.71983e-07,1.71983e-07,  0.223172,3.43965e-07,         0,         0,         0,         0,1.71983e-07,  0.655217,
429 ,          0,3.43965e-07,1.71983e-07,1.71983e-07,3.43965e-07,-3.43965e-07,         0,1.71983e-07,1.71983e-07,1.71983e-07,1.71983e-07,         0,         0,
430 ,          0,         0,1.71983e-07,1.71983e-07,         0,         0,         0,1.71983e-07,1.71983e-07,         0,-3.43965e-07,         0,         0,
431 ,          0,3.43965e-07,-3.43965e-07,         0,         0,1.71983e-07,         0,1.71983e-07,-3.43965e-07,         0,         0,         0,         0,
432 ,          0,         0,         0,         0,1.71983e-07,3.43965e-07,3.43965e-07,         0,  0.602267,1.71983e-07,         0,5.15948e-07,-3.43965e-07,
433 ,          0,         0,         0,1.71983e-07,1.71983e-07,3.43965e-07,3.43965e-07,         0,-3.43965e-07,         0,1.71983e-07,3.43965e-07,0.00235852,
434 ,          0,1.71983e-07,         0,         0,-3.43965e-07, 0.0238633,1.71983e-07,         0,         0,         0,         0,-3.43965e-07,         0,
435 ,          0,1.71983e-07,         0,1.71983e-07,1.71983e-07,-3.43965e-07,1.71983e-07,-3.43965e-07,-6.87931e-07,         0,         0,         0,1.71983e-07,
436 ,          0,         0,         0,1.71983e-07,         0,         0,3.43965e-07,-3.43965e-07,8.59913e-07,         0,1.71983e-07, 0.0130296,3.43965e-07,
437 ,          0,5.15948e-07,         0,         0, 0.0960257,         0,         0,3.43965e-07,         0,         0,-3.43965e-07,1.71983e-07,1.71983e-07,
438 ,          0,1.71983e-07,         0,1.71983e-07,  0.049839,         0,         0,         0,         0,3.43965e-07,1.71983e-07,         0,         0,
439 ,          0,1.71983e-07,         0,         0,1.71983e-07,3.43965e-07,-3.43965e-07,1.71983e-07,         0,1.71983e-07,-3.43965e-07,1.71983e-07,         0,
440 ,          0,1.71983e-07,         0,         0,         0,         0,5.15948e-07,         0,         0,  0.220293,-3.43965e-07,3.43965e-07,1.71983e-07,
441 ,          0,-3.43965e-07,         0,  0.581482,1.71983e-07,1.71983e-07,         0,3.43965e-07,1.71983e-07,1.71983e-07,3.43965e-07,         0,-3.43965e-07,
442 ,          0,         0,         0,         0,-3.43965e-07,         0,-3.43965e-07,         0,1.71983e-07,  0.227762,5.15948e-07,1.71983e-07,         0,
443 ,          0,  0.841104,         0,         0,         0,         0,1.71983e-07,0.00258781,         0, 0.0856174,-3.43965e-07,-6.87931e-07,1.71983e-07,
444 ,          0,-3.43965e-07,         0,         0,         0,1.71983e-07,         0,         0,         0,-3.43965e-07,1.71983e-07,1.71983e-07,         0,
445 ,          0,3.43965e-07,         0,         0,         0,         0,         0,         0,         0,         0,1.71983e-07,1.71983e-07,         0,
446 ,          0,         0,3.43965e-07,3.43965e-07,         0,         0,         0,1.71983e-07,         0,1.71983e-07,         0,6.8793e-07,         0,
447 ,          0,5.15948e-07,         0,1.71983e-07,-3.43965e-07,-3.43965e-07,-3.43965e-07,1.71983e-07,         0,1.71983e-07,5.15948e-07,3.43965e-07,         0,
448 ,          0,  0.146071,1.71983e-07,6.8793e-07,         0,         0,         0,         0,  0.534457,         0,         0,1.71983e-07,1.71983e-07,
449 ,          0,-3.43965e-07,1.71983e-07,  0.228529,1.71983e-07,1.71983e-07,-3.43965e-07,1.71983e-07,         0,         0,  0.603976,-3.43965e-07,         0,
450 ,          0,-3.43965e-07,-3.43965e-07,1.71983e-07,         0,1.71983e-07,1.71983e-07,1.71983e-07,3.43965e-07,         0,         0,         0,1.71983e-07,
451 ,          0,         0,         0,         0,         0,-3.43965e-07,         0,1.71983e-07,         0,1.71983e-07,1.71983e-07,         0,-3.43965e-07,
452 ,          0,3.43965e-07,1.71983e-07,-3.43965e-07,         0,  0.147091,1.71983e-07,         0,         0,         0,         0,-6.87931e-07,         0,
453 ,          0,-3.43965e-07,         0,         0,1.71983e-07,         0,         0,         0,1.71983e-07,         0,1.71983e-07,-3.43965e-07,         0,
454 ,          0,-3.43965e-07,0.000154453,3.43965e-07,1.71983e-07,         0,         0,1.71983e-07,-3.43965e-07,1.71983e-07,3.43965e-07,-3.43965e-07,         0,
455 ,          0,  0.378657,         0,1.71983e-07,-3.43965e-07,3.43965e-07,         0,         0,3.43965e-07,         0,         0,1.71983e-07,         0,
456 ,          0,-3.43965e-07,         0,         0,         0,1.71983e-07,  0.352146,         0,         0,         0,         0,1.71983e-07,3.43965e-07,
457 ,          0,-3.43965e-07,5.15948e-07,         0,1.71983e-07,1.71983e-07,3.43965e-07,1.71983e-07,         0,3.43965e-07,         0,1.71983e-07,-3.43965e-07,
458 ,          0,3.43965e-07,1.71983e-07,1.71983e-07,1.71983e-07,1.71983e-07,         0,         0,-3.43965e-07,-3.43965e-07,1.71983e-07,         0,         0,
459 ,          0,-3.43965e-07,1.71983e-07,-3.43965e-07,1.71983e-07,-3.43965e-07,1.71983e-07,         0,1.71983e-07,   0.88062,         0,         0,         0,
460 ,          0, 0.0162269,1.71983e-07,1.71983e-07,         0,-3.43965e-07,-3.43965e-07,         0,         0,1.71983e-07,1.71983e-07,         0,         0,
461 ,          0,         0,3.43965e-07,-3.43965e-07,1.71983e-07,-3.43965e-07,-3.43965e-07,         0,1.71983e-07,         0,-3.43965e-07,5.15948e-07, 0.0269984,
462 ,          0,-3.43965e-07,         0,3.43965e-07,1.71983e-07,         0,6.8793e-07,3.43965e-07,3.43965e-07,         0,1.71983e-07,-3.43965e-07,-6.87931e-07,
463 ,          0,-3.43965e-07,-3.43965e-07,         0,         0,-3.43965e-07,         0,1.71983e-07,         0,1.71983e-07,         0,         0,1.71983e-07,
464 ,          0,3.43965e-07,  0.421624,         0,-3.43965e-07,1.71983e-07,         0,3.43965e-07,         0,3.43965e-07,-3.43965e-07,1.71983e-07,1.71983e-07,
465 ,          0,3.43965e-07,-3.43965e-07,-3.43965e-07,         0,         0,1.71983e-07,-3.43965e-07,         0,         0,-3.43965e-07,3.43965e-07,         0,
466 ,          0,         0,-3.43965e-07,3.43965e-07,1.71983e-07,-3.43965e-07,         0,3.43965e-07,1.71983e-07,         0,-3.43965e-07,3.43965e-07,-3.43965e-07,
467 ,          0,3.43965e-07,  0.322968,         0,         0,         0,3.43965e-07,         0,-3.43965e-07,3.43965e-07,-3.43965e-07,         0,-3.43965e-07,
468 ,          0,-3.43965e-07,         0,         0,         0,         0,         0,3.43965e-07,1.71983e-07,-3.43965e-07,         0,         0,         0,
469 ,          0,1.71983e-07,3.43965e-07,         0,         0,         0,         0,3.43965e-07,         0,5.15948e-07,1.71983e-07,5.15948e-07,         0,
470 ,          0,         0,         0,-3.43965e-07,1.71983e-07,1.71983e-07,         0,         0,         0,-3.43965e-07,-3.43965e-07,         0,-3.43965e-07,
471 ,          0,3.43965e-07,         0,-3.43965e-07,1.71983e-07,1.71983e-07,3.43965e-07,1.71983e-07,1.71983e-07,3.43965e-07,         0,         0, 0.0484256,
472 ,          0,         0,         0,-6.87931e-07,5.15948e-07,1.71983e-07,         0,         0,         0,         0,3.43965e-07,1.71983e-07,-3.43965e-07,
473 ,          0,5.15948e-07,         0,         0,-3.43965e-07,         0,3.43965e-07,-3.43965e-07,         0,1.71983e-07,         0,1.71983e-07,1.71983e-07,
474 ,          0,         0,         0,1.71983e-07,1.71983e-07,  0.219375,3.43965e-07,1.71983e-07,1.71983e-07,-3.43965e-07,-3.43965e-07,5.15948e-07,1.71983e-07,
475 ,          0,         0,-3.43965e-07,         0,1.71983e-07,1.71983e-07,1.71983e-07,         0,         0,3.43965e-07,1.71983e-07,-3.43965e-07,  0.427195,
476 ,          0,         0,1.71983e-07,         0,         0,1.71983e-07,1.71983e-07,         0,         0,3.43965e-07,         0,         0,         0,
477 ,          0,         0,         0,         0,         0,         0,1.71983e-07,-3.43965e-07,         0,1.71983e-07,         0,1.71983e-07,3.43965e-07,
478 ,          0,1.71983e-07, 0.0483687,         0,         0,         0,3.43965e-07,         0,         0,  0.199856,         0,         0,-3.43965e-07,
479 ,          0,         0,-3.43965e-07,         0,-3.43965e-07,1.71983e-07,         0,         0,3.43965e-07,3.43965e-07,1.71983e-07,         0,-3.43965e-07,
480 ,          0,-3.43965e-07,         0,-3.43965e-07,         0,         0,         0,         0,         0,3.43965e-07,         0,         0,-3.43965e-07,
481 ,          0,         0,         0,1.71983e-07,         0,         0,         0,  0.418612,3.43965e-07,3.43965e-07,1.71983e-07,         0,         0,
482 ,          0,-3.43965e-07,3.43965e-07,3.43965e-07,-3.43965e-07,         0,         0,         0, 0.0236616,1.71983e-07,1.71983e-07,-3.43965e-07,         0,
483 ,          0,1.71983e-07,         0,3.43965e-07,3.43965e-07,3.43965e-07,1.71983e-07,         0,1.71983e-07,         0,         0,-3.43965e-07,  0.435021,
484 ,          0,1.71983e-07,1.71983e-07,         0,         0,-6.87931e-07,1.71983e-07,-3.43965e-07,0.000513274,         0,3.43965e-07,-3.43965e-07,         0,
485 ,          0,-3.43965e-07,  0.266961,1.71983e-07,5.15948e-07,         0,-3.43965e-07,3.43965e-07,1.71983e-07,         0,1.71983e-07,         0,3.43965e-07,
486 ,          0,-3.43965e-07,-3.43965e-07,         0,         0,  0.202941,         0,-3.43965e-07,         0,-3.43965e-07,1.71983e-07,         0,1.71983e-07,
487 ,          0,         0,-6.87931e-07,1.71983e-07,         0,-3.43965e-07,         0,         0,-6.87931e-07,1.71983e-07,3.43965e-07,3.43965e-07,         0,
488 ,          0,         0,1.71983e-07,3.43965e-07,-3.43965e-07,-3.43965e-07,         0,-3.43965e-07,-3.43965e-07,         0,1.71983e-07,-3.43965e-07,-3.43965e-07,
489 ,          0,5.15948e-07,1.71983e-07,         0,1.71983e-07,-3.43965e-07,1.71983e-07,         0,-3.43965e-07,         0,         0,         0, 0.0258497,
490 ,          0,         0,-3.43965e-07,         0,1.71983e-07,-3.43965e-07,1.71983e-07,-6.87931e-07,         0,1.71983e-07,         0,         0,         0,
491 ,          0,         0,1.71983e-07,         0,3.43965e-07,         0,-3.43965e-07,1.71983e-07,         0,         0,         0,  0.320056,  0.339218,
492 ,          0, 0.0782736,         0,3.43965e-07,3.43965e-07,  0.666705,         0,         0,  0.341976,1.71983e-07,0.00728553,1.71983e-07,         0,
493 ,          0,1.71983e-07,         0,         0,         0,         0,-3.43965e-07,5.15948e-07,         0,-3.43965e-07,3.43965e-07,-3.43965e-07,1.71983e-07,
494 ,          0,         0,         0,         0,3.43965e-07,         0,         0,         0,-3.43965e-07,         0,         0,-3.43965e-07,         0,
495 ,          0,         0,         0,-3.43965e-07,1.71983e-07,         0,1.71983e-07,         0,1.71983e-07,1.71983e-07,5.15948e-07,-3.43965e-07,         0,
496 ,          0,         0,         0,3.43965e-07,         0,1.71983e-07,1.71983e-07,3.43965e-07,1.71983e-07,-3.43965e-07,         0,         0,         0,
497 ,          0,1.71983e-07,1.71983e-07,5.15948e-07,         0,         0,3.43965e-07,1.71983e-07,1.71983e-07,         0,1.71983e-07,1.71983e-07,3.43965e-07,
498 ,          0,1.71983e-07,-3.43965e-07,1.71983e-07,6.8793e-07,1.71983e-07,         0,         0,1.71983e-07,-3.43965e-07,5.15948e-07,1.71983e-07,-3.43965e-07,
499 ,          0,   0.41055,-3.43965e-07,         0,1.71983e-07,         0,         0,3.43965e-07,         0,         0,-3.43965e-07,3.43965e-07,1.71983e-07,
500 ,          0,         0,1.71983e-07,         0,  0.121619,         0,1.71983e-07,         0,         0,         0,1.71983e-07,1.71983e-07,         0,
501 ,                    0,           0.0151941,          0.00952453,           0.0188493,           0.0219174,           0.0108824,           0.0157789,          0.00914533,            0.015982,           0.0153505,           0.0157447,          0.00628036,           0.0110449,
Time Cost : 137.74



Total Time Cost : 137.74