Nqubit : 16

Rate : 0.8

1 ,          0,-3.43965e-07,-3.43965e-07,         0,         0,-3.43965e-07,         0,1.71983e-07,1.71983e-07,   0.23505,1.71983e-07,1.71983e-07,         0,1.71983e-07,1.71983e-07,         0,         0,
2 ,          0,-3.43965e-07,1.71983e-07,3.43965e-07,3.43965e-07,         0,         0,  0.198157,         0,-3.43965e-07,         0,         0,         0,-3.43965e-07,1.71983e-07,         0,         0,
3 ,          0,         0,1.71983e-07,         0,3.43965e-07,3.43965e-07,  0.385124, 0.0245524,3.43965e-07,  0.468556,         0,-3.43965e-07,         0,1.71983e-07,-3.43965e-07,3.43965e-07,         0,
4 ,          0,-3.43965e-07,  0.833938,-3.43965e-07,-3.43965e-07,         0,         0,         0,         0,         0,-3.43965e-07,         0,3.43965e-07,1.71983e-07,-3.43965e-07,-3.43965e-07,         0,
5 ,          0,         0,3.43965e-07,         0,-1.0319e-06,  0.194549,         0,1.71983e-07,3.43965e-07,-3.43965e-07,3.43965e-07,         0,-6.87931e-07,         0,-3.43965e-07,1.71983e-07,         0,
6 ,          0,         0,         0,5.15948e-07,-6.87931e-07,-3.43965e-07,1.71983e-07,1.71983e-07,         0,         0,1.71983e-07,-3.43965e-07,-3.43965e-07,         0,3.43965e-07,-3.43965e-07,         0,
7 ,          0,         0,         0,         0,         0,         0,-3.43965e-07,-3.43965e-07,-3.43965e-07,         0,-3.43965e-07,         0,-3.43965e-07,         0,1.71983e-07,1.71983e-07,-3.43965e-07,
8 ,          0,         0,         0,  0.117725,3.43965e-07,         0,1.71983e-07,         0,         0,1.71983e-07,-3.43965e-07,3.43965e-07,-3.43965e-07,         0,1.71983e-07,         0,         0,
9 ,          0,  0.643924,         0,         0,         0,1.71983e-07,1.71983e-07,         0,5.15948e-07,         0,-3.43965e-07,-3.43965e-07,  0.560332,         0,1.71983e-07,3.43965e-07,1.71983e-07,
10 ,          0,         0,1.71983e-07,1.71983e-07,         0,         0,1.71983e-07,-3.43965e-07,1.71983e-07,5.15948e-07,-3.43965e-07,3.43965e-07,-3.43965e-07,-3.43965e-07,         0,-3.43965e-07,         0,
11 ,          0,1.71983e-07,         0,         0,6.8793e-07,         0,-3.43965e-07,         0,  0.400556,1.71983e-07,         0,-6.87931e-07,1.71983e-07,         0,         0,         0,3.43965e-07,
12 ,          0,3.43965e-07,1.71983e-07,         0,         0,         0,-3.43965e-07,  0.309741,         0,         0,1.71983e-07,         0,1.71983e-07,1.71983e-07,-3.43965e-07,-3.43965e-07,3.43965e-07,
13 ,          0,-1.0319e-06,1.71983e-07,         0,1.71983e-07,-3.43965e-07,         0,3.43965e-07,3.43965e-07,  0.574291,         0,         0,  0.838984,-3.43965e-07,         0,         0,1.71983e-07,
14 ,          0,-3.43965e-07,1.71983e-07,-3.43965e-07,1.71983e-07,         0,1.71983e-07,  0.083175,-3.43965e-07,         0,1.71983e-07,-3.43965e-07,1.71983e-07,-3.43965e-07,1.71983e-07,1.71983e-07,1.71983e-07,
15 ,          0,1.71983e-07,5.15948e-07,         0,         0,         0,         0,         0,  0.557238,         0,         0,         0,-3.43965e-07,5.15948e-07,         0,         0,1.71983e-07,
16 ,          0,         0,-3.43965e-07,1.71983e-07,-3.43965e-07,1.71983e-07,1.71983e-07,-3.43965e-07,         0,-3.43965e-07,3.43965e-07,1.71983e-07,-3.43965e-07,         0,1.71983e-07,         0,         0,
17 ,          0,         0,         0, 0.0626029,         0,  0.271161,  0.631358,6.8793e-07,         0,         0,-3.43965e-07,1.71983e-07,-3.43965e-07,         0,1.71983e-07, 0.0271745,         0,
18 ,          0,3.43965e-07,  0.487561,1.71983e-07,         0,         0,         0,         0,         0,-6.87931e-07, 0.0843307,         0,1.71983e-07,1.71983e-07,3.43965e-07,         0,         0,
19 ,          0,         0,1.71983e-07,-3.43965e-07,         0,1.71983e-07,1.71983e-07,         0,         0,         0,  0.261854,1.71983e-07,         0,         0,         0,-3.43965e-07,         0,
20 ,          0,         0,         0,         0,1.71983e-07,3.43965e-07,         0,         0,         0,1.71983e-07,-3.43965e-07,         0,-3.43965e-07,         0,         0,1.71983e-07,1.71983e-07,
21 ,          0,-3.43965e-07,         0,         0,         0,  0.601548,1.71983e-07,         0,         0,-3.43965e-07,-3.43965e-07,         0,-3.43965e-07,         0,         0,         0,         0,
22 ,          0,3.43965e-07,         0,         0,-3.43965e-07,1.71983e-07,         0,-3.43965e-07,         0,3.43965e-07,         0,1.71983e-07,-3.43965e-07,3.43965e-07,         0,3.43965e-07,1.71983e-07,
23 ,          0,-3.43965e-07,3.43965e-07,-3.43965e-07,1.71983e-07,         0,         0,  0.173662, 0.0994188,-3.43965e-07,1.71983e-07,-3.43965e-07,1.71983e-07,         0,-3.43965e-07,-3.43965e-07,         0,
24 ,          0,-3.43965e-07,3.43965e-07,         0,         0,-3.43965e-07,         0,         0,3.43965e-07,  0.108535,         0,-3.43965e-07,         0,1.71983e-07,1.71983e-07,3.43965e-07,-3.43965e-07,
25 ,          0,1.71983e-07,3.43965e-07,-3.43965e-07,-3.43965e-07,1.71983e-07,3.43965e-07,1.71983e-07,1.71983e-07,         0,1.71983e-07,  0.110936,-3.43965e-07,   0.16548,         0,  0.419132,         0,
26 ,          0,-3.43965e-07,         0,1.71983e-07,1.71983e-07,         0,         0,3.43965e-07,         0,         0,         0,         0,         0,         0,         0,         0,-3.43965e-07,
27 ,          0,1.71983e-07,1.71983e-07,         0,1.71983e-07,1.71983e-07,         0,1.71983e-07,  0.381444,         0,-3.43965e-07,         0,         0,-3.43965e-07,-3.43965e-07,         0,         0,
28 ,          0,-3.43965e-07,         0,1.71983e-07,1.71983e-07,1.71983e-07,         0,         0,1.71983e-07,  0.258677,3.43965e-07,-3.43965e-07,-3.43965e-07,1.71983e-07,         0,         0,         0,
29 ,          0,6.8793e-07,         0,         0,1.71983e-07,5.15948e-07,1.71983e-07,         0,1.71983e-07,         0,         0,         0,3.43965e-07,1.71983e-07,-3.43965e-07,         0,3.43965e-07,
30 ,          0,-3.43965e-07,         0,1.71983e-07,1.71983e-07,-3.43965e-07,         0,-3.43965e-07,-3.43965e-07,1.71983e-07,1.71983e-07,-3.43965e-07,5.15948e-07,5.15948e-07,1.71983e-07,-3.43965e-07,-3.43965e-07,
31 ,          0,5.15948e-07,         0,-3.43965e-07,5.15948e-07,6.8793e-07,-3.43965e-07,         0,1.71983e-07,6.8793e-07,-3.43965e-07,-3.43965e-07,-3.43965e-07,3.43965e-07,5.15948e-07,         0,         0,
32 ,          0,         0,         0,         0,         0,         0,1.71983e-07,         0,1.71983e-07,-3.43965e-07,1.71983e-07,         0,-3.43965e-07,         0,1.71983e-07,         0,         0,
33 ,          0,-3.43965e-07,         0,         0,-3.43965e-07,1.71983e-07,3.43965e-07,1.71983e-07,         0,         0,         0,1.71983e-07,         0,1.71983e-07,-3.43965e-07,         0,         0,
34 ,          0,         0,         0,1.71983e-07,1.71983e-07,         0,6.8793e-07,-3.43965e-07,  0.626822,         0,         0,3.43965e-07,8.59913e-07,3.43965e-07,         0,3.43965e-07,         0,
35 ,          0,         0,-3.43965e-07,1.71983e-07,         0,         0,         0,1.71983e-07,         0,         0,         0,         0,1.71983e-07,1.71983e-07,1.71983e-07,1.71983e-07,         0,
36 ,          0,1.71983e-07,-3.43965e-07,         0,         0,-3.43965e-07,3.43965e-07,         0,         0,         0,1.71983e-07,         0,-3.43965e-07,1.71983e-07,1.71983e-07,         0,         0,
37 ,          0,         0,1.71983e-07,         0,-3.43965e-07,  0.151406,1.71983e-07,1.71983e-07, 0.0113761,  0.136772,5.15948e-07,1.71983e-07,         0,1.71983e-07,         0,1.71983e-07,3.43965e-07,
38 ,          0,         0,1.71983e-07,  0.226459,1.71983e-07,3.43965e-07,6.8793e-07,         0,         0,5.15948e-07,  0.561937,         0,1.71983e-07,-3.43965e-07,6.8793e-07,1.71983e-07,         0,
39 ,          0,3.43965e-07,         0,         0,-3.43965e-07,         0,         0,3.43965e-07,         0,         0,         0,         0,1.71983e-07,6.8793e-07,         0,5.15948e-07,5.15948e-07,
40 ,          0,1.71983e-07,3.43965e-07,         0,6.8793e-07,         0,-3.43965e-07,         0,3.43965e-07,         0,         0,1.71983e-07,         0,1.71983e-07,1.71983e-07,1.71983e-07,         0,
41 ,          0,         0,1.71983e-07,3.43965e-07,         0,         0,         0,         0,         0,         0,         0,1.71983e-07,         0,1.71983e-07,         0,1.71983e-07,         0,
42 ,          0,1.71983e-07,         0,1.71983e-07,-3.43965e-07,3.43965e-07,         0,         0,1.71983e-07,1.71983e-07,1.71983e-07,         0,1.71983e-07,-3.43965e-07,1.71983e-07,1.71983e-07,3.43965e-07,
43 ,          0,-3.43965e-07,-3.43965e-07,-3.43965e-07,         0,         0,-3.43965e-07,-3.43965e-07,1.71983e-07,-3.43965e-07,         0,  0.220974,  0.159763,-3.43965e-07,-3.43965e-07,  0.203209,         0,
44 ,          0,3.43965e-07,3.43965e-07,1.71983e-07,         0,1.71983e-07,         0,         0,-3.43965e-07,         0,-3.43965e-07,         0,1.71983e-07,  0.323618,         0,         0,5.15948e-07,
45 ,          0,-3.43965e-07,         0,         0,3.43965e-07,5.15948e-07,3.43965e-07,3.43965e-07,         0,         0,         0,         0,5.15948e-07,-3.43965e-07,         0,-3.43965e-07,         0,
46 ,          0,         0,         0,         0,5.15948e-07,3.43965e-07,3.43965e-07,         0,         0,         0,1.71983e-07,         0,1.71983e-07,-3.43965e-07,3.43965e-07,  0.236786,1.71983e-07,
47 ,          0,         0,3.43965e-07,         0,1.71983e-07,  0.208619,-3.43965e-07,-3.43965e-07,-6.87931e-07,1.71983e-07,         0,1.71983e-07,-3.43965e-07,1.71983e-07,1.71983e-07,-3.43965e-07,         0,
48 ,          0,1.71983e-07,-3.43965e-07,         0,-3.43965e-07,3.43965e-07,1.71983e-07,-3.43965e-07,3.43965e-07,-3.43965e-07,         0,1.71983e-07,-3.43965e-07,         0,         0,3.43965e-07,-3.43965e-07,
49 ,          0,5.15948e-07,-3.43965e-07,         0,-3.43965e-07,3.43965e-07,-3.43965e-07,3.43965e-07,1.71983e-07,         0,  0.213148,         0,         0,5.15948e-07,1.71983e-07,         0,         0,
50 ,          0,         0,         0,         0,-3.43965e-07,-3.43965e-07,1.71983e-07,         0,1.71983e-07,         0,         0,  0.208417,-6.87931e-07,         0,3.43965e-07,1.71983e-07,-6.87931e-07,
51 ,                    0,           0.0128785,             0.02643,          0.00813576,         6.87927e-09,           0.0285457,           0.0203297,           0.0157858,           0.0415371,           0.0356376,           0.0224254,           0.0108065,           0.0311815,          0.00978199,         4.81551e-08,           0.0177261,         3.09569e-08,
Time Cost : 259.54



Total Time Cost : 259.55