Nqubit : 16

Rate : 0.8

1 ,          0,3.43965e-07,-3.43965e-07,1.71983e-07,         0,         0,         0,         0,1.71983e-07,5.15948e-07,1.71983e-07,-3.43965e-07,-3.43965e-07,         0,1.71983e-07,6.8793e-07,-3.43965e-07,
2 ,          0,         0,3.43965e-07,-3.43965e-07,1.71983e-07,3.43965e-07,         0,         0,    0.1305,         0,         0,-3.43965e-07,3.43965e-07,-3.43965e-07,-3.43965e-07,3.43965e-07,         0,
3 ,          0,1.71983e-07,         0,         0,-3.43965e-07,1.71983e-07,         0,5.15948e-07,-3.43965e-07,         0,-3.43965e-07,1.71983e-07,         0,  0.777435,3.43965e-07,         0,         0,
4 ,          0,-6.87931e-07,         0,         0,         0,         0,1.71983e-07,         0,         0,-3.43965e-07,         0,         0,1.71983e-07,         0,         0,         0,         0,
5 ,          0,         0,-3.43965e-07,         0,3.43965e-07,         0,-3.43965e-07,         0,         0,-3.43965e-07,-3.43965e-07,1.71983e-07,         0,         0,         0,         0,         0,
6 ,          0,3.43965e-07,         0,   0.84898,  0.106439,1.71983e-07,-3.43965e-07,3.43965e-07,1.71983e-07,3.43965e-07,1.71983e-07,         0,  0.627315,6.8793e-07,-3.43965e-07,1.71983e-07,1.71983e-07,
7 ,          0,3.43965e-07,1.71983e-07,         0,3.43965e-07,         0,         0,1.71983e-07,         0,3.43965e-07,-3.43965e-07,1.71983e-07,1.71983e-07,         0,1.71983e-07,         0,1.71983e-07,
8 ,          0,-3.43965e-07,         0,  0.151263,         0,-3.43965e-07,1.71983e-07,-6.87931e-07,1.71983e-07,-3.43965e-07,-3.43965e-07,         0,3.43965e-07,1.71983e-07,1.71983e-07,-3.43965e-07,-3.43965e-07,
9 ,          0,1.71983e-07,-3.43965e-07,         0,1.71983e-07,3.43965e-07,  0.772735,1.71983e-07,         0,         0,         0,1.71983e-07,1.71983e-07,1.71983e-07,         0,         0,         0,
10 ,          0,         0,         0,3.43965e-07,         0,  0.282109,         0,-3.43965e-07,1.71983e-07,         0,3.43965e-07,-3.43965e-07,-3.43965e-07,         0,1.71983e-07,-3.43965e-07,-3.43965e-07,
11 ,          0,3.43965e-07,         0,-3.43965e-07,         0,         0,5.15948e-07,5.15948e-07,1.71983e-07,1.71983e-07,  0.143636,8.59913e-07,-3.43965e-07,-3.43965e-07,  0.267834,-3.43965e-07,1.71983e-07,
12 ,          0,         0,-3.43965e-07,0.00170845,         0,-3.43965e-07,         0,         0,         0,1.71983e-07,3.43965e-07,         0,         0,1.71983e-07,1.71983e-07,         0,         0,
13 ,          0,5.15948e-07,1.71983e-07,1.71983e-07,         0,-3.43965e-07,         0,3.43965e-07,1.71983e-07,1.71983e-07,-3.43965e-07,-3.43965e-07,         0,         0,1.71983e-07,-3.43965e-07,         0,
14 ,          0,3.43965e-07,         0,1.71983e-07,1.71983e-07,3.43965e-07,-3.43965e-07,-3.43965e-07,-3.43965e-07,-3.43965e-07,1.71983e-07,-3.43965e-07,1.71983e-07,-3.43965e-07,3.43965e-07,3.43965e-07,-3.43965e-07,
15 ,          0,5.15948e-07,1.71983e-07,-3.43965e-07,3.43965e-07,-3.43965e-07,  0.612219,         0,3.43965e-07,         0,         0,         0,1.71983e-07,         0,         0,         0,-3.43965e-07,
16 ,          0,         0,1.71983e-07,         0,-3.43965e-07,         0,-3.43965e-07,         0,3.43965e-07,-6.87931e-07,         0,         0,1.71983e-07,-6.87931e-07,-3.43965e-07,         0,         0,
17 ,          0,-3.43965e-07,3.43965e-07,3.43965e-07,1.71983e-07,         0,3.43965e-07,-6.87931e-07,1.71983e-07,-3.43965e-07,-3.43965e-07,-3.43965e-07,         0,3.43965e-07,1.71983e-07,1.71983e-07,3.43965e-07,
18 ,          0,1.71983e-07,         0,         0,         0,3.43965e-07,-3.43965e-07,1.71983e-07,1.71983e-07,  0.177248,         0,-3.43965e-07,         0,         0,3.43965e-07,3.43965e-07,         0,
19 ,          0,1.71983e-07,3.43965e-07,1.71983e-07,         0,         0,-3.43965e-07,-3.43965e-07,  0.777502,  0.610014,5.15948e-07,  0.160255,3.43965e-07,         0,1.71983e-07,         0,3.43965e-07,
20 ,          0,1.71983e-07,         0,         0,1.71983e-07,1.71983e-07,-3.43965e-07,  0.102754,         0,         0,         0,1.71983e-07,1.71983e-07,   0.39303,         0, 0.0840464,-3.43965e-07,
21 ,          0,5.15948e-07,5.15948e-07,3.43965e-07,-3.43965e-07,         0,1.71983e-07,  0.163365,-3.43965e-07,         0,1.71983e-07,         0,3.43965e-07,5.15948e-07,1.71983e-07,         0,         0,
22 ,          0,-3.43965e-07,5.15948e-07,         0,1.71983e-07,1.71983e-07,         0,         0,         0,-3.43965e-07,         0,         0,         0,         0,         0,3.43965e-07,         0,
23 ,          0,-3.43965e-07,         0,         0,3.43965e-07,  0.201959,         0,         0,         0,         0,         0,1.71983e-07,         0,3.43965e-07,         0,-3.43965e-07,  0.596701,
24 ,          0,         0,1.71983e-07,         0,         0,         0,         0,3.43965e-07,3.43965e-07,1.71983e-07,         0,  0.025066,         0,         0,-3.43965e-07,         0,1.71983e-07,
25 ,          0,         0,-3.43965e-07,         0,         0,-3.43965e-07,  0.657014,         0,-3.43965e-07,         0,5.15948e-07,3.43965e-07,  0.550292,         0,-3.43965e-07,         0,         0,
26 ,          0,-3.43965e-07,         0,3.43965e-07,-3.43965e-07,  0.505657,-3.43965e-07,-3.43965e-07,         0,-3.43965e-07,3.43965e-07,         0,5.15948e-07,3.43965e-07,-3.43965e-07,-3.43965e-07,1.71983e-07,
27 ,          0,-3.43965e-07,1.71983e-07,         0,1.71983e-07,         0,         0,1.71983e-07,-3.43965e-07,-3.43965e-07,-3.43965e-07,-3.43965e-07, 0.0669183,-3.43965e-07,3.43965e-07,1.71983e-07,0.00619395,
28 ,          0,1.71983e-07,         0,6.8793e-07,         0,         0,-3.43965e-07,         0,         0,-3.43965e-07,         0,1.71983e-07,-3.43965e-07,3.43965e-07,1.71983e-07,         0,1.71983e-07,
29 ,          0,         0,-6.87931e-07,1.71983e-07,         0,-3.43965e-07,         0,3.43965e-07,5.15948e-07,1.71983e-07,         0,         0,1.71983e-07,         0,-3.43965e-07,1.71983e-07,1.71983e-07,
30 ,          0,         0,         0,-6.87931e-07,         0,         0,         0,1.71983e-07,         0,  0.258027,         0,         0,1.71983e-07,         0,-3.43965e-07,-3.43965e-07,  0.241547,
31 ,          0,1.71983e-07,         0,5.15948e-07,-3.43965e-07,         0,         0,         0,-3.43965e-07,-3.43965e-07,         0,         0,         0,-3.43965e-07,3.43965e-07,1.71983e-07,-3.43965e-07,
32 ,          0,-3.43965e-07,         0,1.71983e-07,   0.34453,-3.43965e-07,3.43965e-07,1.71983e-07,3.43965e-07,         0,         0,         0,1.71983e-07,         0,         0,         0,         0,
33 ,          0,         0,         0,         0,         0,-3.43965e-07,-3.43965e-07,1.71983e-07,         0,3.43965e-07,3.43965e-07,         0,3.43965e-07,-3.43965e-07,1.71983e-07,1.71983e-07,-3.43965e-07,
34 ,          0,1.71983e-07,-3.43965e-07,5.15948e-07,1.71983e-07,1.71983e-07,1.71983e-07,3.43965e-07,  0.266342,3.43965e-07,1.71983e-07,1.71983e-07,3.43965e-07,-3.43965e-07,1.71983e-07,1.71983e-07,         0,
35 ,          0,-3.43965e-07,         0,1.71983e-07,         0,         0,-3.43965e-07,3.43965e-07,         0,3.43965e-07,3.43965e-07,         0,1.71983e-07,5.15948e-07,         0,-3.43965e-07,-3.43965e-07,
36 ,          0,         0,1.71983e-07,         0,         0,1.71983e-07,-3.43965e-07,         0,         0,         0,1.71983e-07,-3.43965e-07,1.71983e-07,  0.260433, 0.0362671,3.43965e-07,  0.255751,
37 ,          0,         0,3.43965e-07,1.71983e-07,5.15948e-07,1.71983e-07,1.71983e-07,-3.43965e-07,1.71983e-07,3.43965e-07,3.43965e-07,1.71983e-07,         0,         0,3.43965e-07,         0,5.15948e-07,
38 ,          0,1.71983e-07,         0,         0,-3.43965e-07,         0,1.71983e-07,-3.43965e-07,1.71983e-07,         0,1.71983e-07,         0,         0,  0.458234,-3.43965e-07,-3.43965e-07,-3.43965e-07,
39 ,          0,         0,         0,1.71983e-07,-3.43965e-07,         0,1.71983e-07,-3.43965e-07,3.43965e-07,         0,-3.43965e-07,         0,         0,3.43965e-07,         0,-3.43965e-07,         0,
40 ,          0,-3.43965e-07,-3.43965e-07,-3.43965e-07,-6.87931e-07,         0,         0,-3.43965e-07,1.71983e-07,-3.43965e-07,-3.43965e-07,1.71983e-07,         0,5.15948e-07,3.43965e-07,         0,         0,
41 ,          0,3.43965e-07,  0.617518,  0.335072,1.71983e-07,         0,         0,         0,         0,1.71983e-07,         0,3.43965e-07, 0.0206772,         0,         0,         0,         0,
42 ,          0,         0,1.71983e-07,         0,  0.436321,         0,1.71983e-07,1.71983e-07,         0,1.71983e-07,         0,1.71983e-07,         0,-3.43965e-07,5.15948e-07,1.71983e-07,         0,
43 ,          0,-3.43965e-07,         0,-3.43965e-07,-3.43965e-07,-3.43965e-07,         0,5.15948e-07,         0,5.15948e-07,-6.87931e-07,         0,5.15948e-07,         0,1.71983e-07,         0,         0,
44 ,          0,1.71983e-07,  0.406585,1.71983e-07,1.71983e-07,         0,5.15948e-07,1.71983e-07,         0,3.43965e-07,         0,-3.43965e-07,1.71983e-07,-3.43965e-07,         0,  0.385985,1.71983e-07,
45 ,          0,1.71983e-07,1.71983e-07,-3.43965e-07,-3.43965e-07,-3.43965e-07,-3.43965e-07,6.8793e-07,-3.43965e-07,-3.43965e-07,1.71983e-07,         0,         0,-3.43965e-07,1.71983e-07,-3.43965e-07,1.71983e-07,
46 ,          0,3.43965e-07,         0,         0,         0,         0,         0,1.71983e-07,         0,1.71983e-07,         0,3.43965e-07,         0, 0.0655174,         0,         0,-3.43965e-07,
47 ,          0,-3.43965e-07,         0,1.71983e-07,3.43965e-07,3.43965e-07,-3.43965e-07,3.43965e-07,3.43965e-07,1.71983e-07,         0,3.43965e-07,-3.43965e-07,         0,1.71983e-07,         0,         0,
48 ,          0,3.43965e-07,         0,1.71983e-07,         0,3.43965e-07,1.71983e-07,1.71983e-07,3.43965e-07,3.43965e-07,1.71983e-07,3.43965e-07,-6.87931e-07,1.71983e-07,         0,-3.43965e-07,3.43965e-07,
49 ,          0,1.71983e-07,-3.43965e-07,         0,         0,5.15948e-07,-3.43965e-07,         0,         0,3.43965e-07,1.71983e-07,5.15948e-07,5.15948e-07,         0,         0,1.71983e-07,         0,
50 ,          0,  0.586162,-3.43965e-07,1.71983e-07,5.15948e-07,-3.43965e-07,-3.43965e-07,-3.43965e-07,1.71983e-07,5.15948e-07,         0,3.43965e-07,         0,3.43965e-07,         0,3.43965e-07,         0,
51 ,          0,1.71983e-07,-3.43965e-07,1.71983e-07,-3.43965e-07,         0,         0,3.43965e-07,         0,1.71983e-07,5.15948e-07,         0,         0,1.71983e-07,  0.891382,1.71983e-07,         0,
52 ,          0,5.15948e-07,-3.43965e-07,1.71983e-07,         0,-3.43965e-07,    0.3335,3.43965e-07,-3.43965e-07,         0,         0,3.43965e-07,         0,1.71983e-07,3.43965e-07,1.71983e-07,         0,
53 ,          0,-6.87931e-07,3.43965e-07,         0,5.15948e-07,1.71983e-07,         0,1.71983e-07,         0,1.71983e-07,3.43965e-07,1.71983e-07,         0,  0.751758,         0,-3.43965e-07,3.43965e-07,
54 ,          0,         0,-3.43965e-07,1.71983e-07,1.71983e-07,1.71983e-07,         0,         0,  0.054167,         0,         0,         0,         0,3.43965e-07,1.71983e-07,1.71983e-07,         0,
55 ,          0,-3.43965e-07,-3.43965e-07,         0,         0,1.71983e-07,         0,1.71983e-07,6.8793e-07,5.15948e-07,-3.43965e-07,         0,-3.43965e-07,         0,         0,         0,         0,
56 ,          0,1.71983e-07,         0,1.71983e-07,3.43965e-07,         0,         0,  0.754584,-3.43965e-07,1.71983e-07,1.71983e-07,         0,         0,         0,         0,         0,1.71983e-07,
57 ,          0,1.71983e-07,         0,-3.43965e-07,1.71983e-07,1.71983e-07,         0,3.43965e-07,         0,3.43965e-07,         0,-3.43965e-07,         0,         0,1.71983e-07,-3.43965e-07,1.71983e-07,
58 ,          0,         0,         0,         0,  0.663732,         0,         0,3.43965e-07,-3.43965e-07,1.71983e-07,-3.43965e-07,1.71983e-07,         0,         0,         0,3.43965e-07,         0,
59 ,          0,1.71983e-07,         0,3.43965e-07,3.43965e-07,         0,3.43965e-07,-3.43965e-07,         0,         0,1.71983e-07,-3.43965e-07,         0,         0,-3.43965e-07,3.43965e-07,1.71983e-07,
60 ,          0,1.71983e-07,1.71983e-07,-6.87931e-07,-3.43965e-07,         0,1.71983e-07,         0,3.43965e-07,-3.43965e-07,-3.43965e-07, 0.0667238,         0,1.71983e-07,         0,1.71983e-07,-3.43965e-07,
61 ,          0,         0,1.71983e-07,         0,         0,3.43965e-07,  0.758958,3.43965e-07,         0,1.71983e-07,-3.43965e-07,3.43965e-07,-3.43965e-07,         0,-3.43965e-07,  0.276538,         0,
62 ,          0,1.71983e-07,         0,1.71983e-07,         0,-3.43965e-07,-3.43965e-07,1.71983e-07,5.15948e-07,3.43965e-07,         0,         0,         0,         0,1.71983e-07,1.71983e-07,         0,
63 ,          0,3.43965e-07,  0.152828,-3.43965e-07,-3.43965e-07,         0,         0,3.43965e-07,         0,         0,1.71983e-07,1.71983e-07,3.43965e-07,         0,3.43965e-07,         0,         0,
64 ,          0,         0,-6.87931e-07,         0,-3.43965e-07,         0,         0,1.71983e-07,         0,         0,         0,         0,3.43965e-07,3.43965e-07,  0.390831,1.71983e-07,3.43965e-07,
65 ,          0,  0.415753,         0,3.43965e-07,1.71983e-07,         0,         0,-3.43965e-07,         0,  0.484745,         0,         0,         0,         0,         0,         0,         0,
66 ,          0,         0,1.71983e-07,3.43965e-07,1.71983e-07,  0.297788,1.71983e-07,8.59913e-07,-3.43965e-07,-3.43965e-07,         0,1.71983e-07,-3.43965e-07,1.71983e-07,1.71983e-07,1.71983e-07,-3.43965e-07,
67 ,          0,1.71983e-07,1.71983e-07,-3.43965e-07,1.71983e-07,         0,-3.43965e-07,         0,         0,3.43965e-07,-3.43965e-07,3.43965e-07,1.71983e-07,-3.43965e-07,1.71983e-07,         0,3.43965e-07,
68 ,          0,-3.43965e-07,1.71983e-07,3.43965e-07,         0,         0,         0,  0.402067,1.71983e-07,-3.43965e-07,         0,1.71983e-07,1.71983e-07,-3.43965e-07,3.43965e-07,         0,-3.43965e-07,
69 ,          0,1.71983e-07,-3.43965e-07,3.43965e-07,3.43965e-07,-3.43965e-07,         0,         0,         0,         0,         0,         0,1.71983e-07,1.71983e-07,         0,1.71983e-07,-3.43965e-07,
70 ,          0,1.71983e-07,         0,1.71983e-07,         0,1.71983e-07,6.8793e-07,-3.43965e-07,3.43965e-07,         0,         0,1.71983e-07,         0, 0.0028169,1.71983e-07,3.43965e-07,5.15948e-07,
71 ,          0,         0,-3.43965e-07,-6.87931e-07,-3.43965e-07,         0,-3.43965e-07,1.71983e-07,1.71983e-07,-3.43965e-07,5.15948e-07,3.43965e-07,-3.43965e-07,         0,         0,         0,1.71983e-07,
72 ,          0,1.71983e-07,-3.43965e-07,   0.33896,-3.43965e-07,         0,1.71983e-07,3.43965e-07,         0,1.71983e-07,1.71983e-07,3.43965e-07,  0.419465,1.71983e-07,0.00747921,-3.43965e-07,1.71983e-07,
73 ,          0,1.71983e-07,1.71983e-07,1.71983e-07,-3.43965e-07,         0,1.71983e-07,         0,         0,         0,1.71983e-07,-3.43965e-07,3.43965e-07,         0, 0.0434389,1.71983e-07,         0,
74 ,          0,1.71983e-07,1.71983e-07,         0,1.71983e-07,1.71983e-07,         0,3.43965e-07,1.71983e-07,6.8793e-07,-3.43965e-07,1.71983e-07,1.71983e-07, 0.0767906,         0,3.43965e-07,1.71983e-07,
75 ,          0,-3.43965e-07,3.43965e-07,         0,         0,         0,         0,1.71983e-07,1.71983e-07,1.71983e-07,1.71983e-07,         0,  0.268097,         0,         0,         0,         0,
76 ,          0,5.15948e-07,1.71983e-07,3.43965e-07,5.15948e-07,         0,         0,1.71983e-07,         0,1.71983e-07,-3.43965e-07,1.71983e-07,1.71983e-07,1.71983e-07,         0,         0,-3.43965e-07,
77 ,          0,         0,1.71983e-07,-6.87931e-07,1.71983e-07,         0,1.71983e-07,3.43965e-07,         0,3.43965e-07,1.71983e-07,1.71983e-07,         0,1.71983e-07,         0,         0,5.15948e-07,
78 ,          0,5.15948e-07,1.71983e-07,         0,3.43965e-07,5.15948e-07,-3.43965e-07,1.71983e-07,         0,         0,         0,1.71983e-07,         0,         0,1.71983e-07,         0,         0,
79 ,          0,  0.207441,         0,         0,-3.43965e-07,1.71983e-07,-3.43965e-07,         0,3.43965e-07,  0.559374,1.71983e-07,1.71983e-07,-3.43965e-07,         0,5.15948e-07,         0,-3.43965e-07,
80 ,          0,1.71983e-07,         0,6.8793e-07,-3.43965e-07,3.43965e-07,1.71983e-07,-3.43965e-07,         0,1.71983e-07,         0,         0,-3.43965e-07,3.43965e-07,8.59913e-07,-3.43965e-07,-3.43965e-07,
81 ,          0,         0,3.43965e-07,-3.43965e-07,-3.43965e-07,         0,6.8793e-07,3.43965e-07,3.43965e-07,-3.43965e-07,3.43965e-07,         0,-3.43965e-07,1.71983e-07,1.71983e-07,  0.541351,-6.87931e-07,
82 ,          0,         0,3.43965e-07,1.71983e-07,1.71983e-07,3.43965e-07,         0,         0,         0,1.71983e-07,         0,         0,         0,  0.263053,         0,         0,3.43965e-07,
83 ,          0,3.43965e-07,         0,3.43965e-07,1.71983e-07,         0,-3.43965e-07,-3.43965e-07,1.71983e-07,         0,-3.43965e-07,-3.43965e-07,         0,-3.43965e-07,         0,         0,         0,
84 ,          0,         0,3.43965e-07,         0,         0,  0.319486,         0,1.71983e-07, 0.0424518,3.43965e-07,         0,-3.43965e-07,-3.43965e-07,         0, 0.0922256,1.71983e-07,5.15948e-07,
85 ,          0,3.43965e-07,1.71983e-07,  0.191613,3.43965e-07,         0,         0,-3.43965e-07,6.8793e-07,         0,3.43965e-07,-3.43965e-07,1.71983e-07,3.43965e-07,         0,-6.87931e-07,3.43965e-07,
86 ,          0,         0,3.43965e-07,-3.43965e-07,-3.43965e-07,         0,3.43965e-07,-3.43965e-07,-3.43965e-07,  0.317056,         0,-3.43965e-07,         0,-3.43965e-07,-3.43965e-07,         0,1.71983e-07,
87 ,          0,         0,         0,-3.43965e-07,1.71983e-07,1.71983e-07,  0.253639,         0,  0.393538,         0,1.71983e-07,-3.43965e-07,1.71983e-07,         0,5.15948e-07,         0,         0,
88 ,          0,         0,1.71983e-07,         0,1.71983e-07,3.43965e-07,-3.43965e-07,         0,         0,3.43965e-07,3.43965e-07,1.71983e-07,         0,  0.398402,         0,5.15948e-07,-3.43965e-07,
89 ,          0,         0,1.71983e-07,         0,         0,-3.43965e-07,1.71983e-07,1.71983e-07,         0,         0,         0,1.71983e-07,         0,         0,-3.43965e-07,         0,         0,
90 ,          0,1.71983e-07,5.15948e-07,         0,-3.43965e-07,3.43965e-07,         0,3.43965e-07,-3.43965e-07,         0,5.15948e-07,5.15948e-07,         0,         0,-3.43965e-07,-3.43965e-07,         0,
91 ,          0,-3.43965e-07,1.71983e-07,-6.87931e-07,  0.329097,-3.43965e-07,         0,1.71983e-07,1.71983e-07,5.15948e-07,         0,1.71983e-07,1.71983e-07,-3.43965e-07,3.43965e-07,1.71983e-07,6.8793e-07,
92 ,          0,-3.43965e-07,-3.43965e-07,         0,-3.43965e-07,         0,         0,0.000238209,         0,-6.87931e-07,  0.106724,         0,1.71983e-07,5.15948e-07,1.71983e-07,         0,-3.43965e-07,
93 ,          0,         0,         0,3.43965e-07,-3.43965e-07,-3.43965e-07,         0,-3.43965e-07,         0,  0.292295,0.00179838,-3.43965e-07,         0,1.71983e-07,         0,-3.43965e-07,         0,
94 ,          0,-3.43965e-07,5.15948e-07,         0,-3.43965e-07,         0,-3.43965e-07,1.71983e-07,1.71983e-07,         0,         0,1.71983e-07,1.71983e-07,1.71983e-07,         0,-3.43965e-07,3.43965e-07,
95 ,          0,         0,         0,         0,         0,1.71983e-07,  0.709877,1.71983e-07,3.43965e-07,3.43965e-07,1.71983e-07,-3.43965e-07,-3.43965e-07,1.71983e-07,5.15948e-07,1.71983e-07,1.71983e-07,
96 ,          0,         0,-3.43965e-07,1.71983e-07,-6.87931e-07,         0,5.15948e-07,         0,-3.43965e-07,         0,         0,-3.43965e-07,1.71983e-07,1.71983e-07,         0,3.43965e-07,-3.43965e-07,
97 ,          0,         0,-3.43965e-07,         0,1.71983e-07,1.71983e-07,1.71983e-07,3.43965e-07,         0,1.71983e-07,         0,3.43965e-07,-3.43965e-07,         0,-3.43965e-07,         0,-3.43965e-07,
98 ,          0,         0,         0,1.71983e-07,1.71983e-07,-3.43965e-07,3.43965e-07,         0,1.71983e-07,5.15948e-07,1.71983e-07,         0,3.43965e-07,         0,  0.376098,-3.43965e-07,         0,
99 ,          0,1.71983e-07,         0,         0,         0,         0,         0,1.71983e-07,1.71983e-07,         0,1.71983e-07,         0,1.71983e-07,1.71983e-07,         0,         0,-3.43965e-07,
100 ,          0,1.71983e-07,         0,         0,-3.43965e-07,1.71983e-07,-3.43965e-07,-3.43965e-07,3.43965e-07,-3.43965e-07,-3.43965e-07,         0,1.71983e-07,-3.43965e-07,         0,1.71983e-07,         0,
101 ,                    0,           0.0120936,           0.0117693,            0.018676,           0.0188012,             0.01607,           0.0409794,           0.0142301,            0.016645,           0.0269876,          0.00252162,          0.00252048,           0.0195277,           0.0344747,           0.0210556,           0.0128792,           0.0110019,
Time Cost : 1153.24



Total Time Cost : 1153.26